6.918309709189363055e-02 -3.627575868998975750e+01
1.430013090881850635e-01 -3.517764914295118217e+01
2.023691093679611808e-01 -3.424665704042016046e+01
2.552974035717613388e-01 -3.507987484236380027e+01
3.048329568223489550e-01 -3.542017934727978457e+01
3.466668793050656228e-01 -3.597048166740832187e+01
3.859212456509020783e-01 -3.664021182905797502e+01
4.240925735764377036e-01 -3.736789065108024488e+01
4.600794739243277975e-01 -3.812309621509729851e+01
4.949889595959590105e-01 -3.891917104761182600e+01
5.239738593195818472e-01 -3.973703582731965156e+01
5.519370255502471512e-01 -4.056213053122458234e+01
5.790607911068330615e-01 -4.141301879514635687e+01
6.049430098019933366e-01 -4.225680548245377111e+01
6.310021980534901154e-01 -4.304796555755417842e+01
6.560044196114368509e-01 -4.380475334548680166e+01
6.803649639228999124e-01 -4.450992705780760161e+01
7.043120819766955920e-01 -4.512194503869729800e+01
7.275947031903935436e-01 -4.561552717396959622e+01
7.494474625834471881e-01 -4.594335204836377784e+01
7.671578530430330778e-01 -4.615164255055054809e+01
7.848399962526019236e-01 -4.618971919839119522e+01
8.024093087441421801e-01 -4.610329717875130484e+01
8.207643247418626720e-01 -4.585030948594322808e+01
8.367996227666132381e-01 -4.553365888946096618e+01
8.493728520663886838e-01 -4.515873432505639329e+01
8.616646307255421133e-01 -4.474330681107032603e+01
8.744177003653592628e-01 -4.428353736867001089e+01
8.868080349335113466e-01 -4.382746525908246582e+01
8.996337927042702409e-01 -4.335130349712170528e+01
9.120108393559096527e-01 -4.289604624832903568e+01
