6.918309709189363055e-02 -4.682259828834160942e+01
1.430013090881850635e-01 -4.753604745767496098e+01
2.023691093679611808e-01 -4.779045486443443025e+01
2.552974035717613388e-01 -4.791466879016694236e+01
3.048329568223489550e-01 -4.937264343427941071e+01
3.466668793050656228e-01 -4.979263645771751357e+01
3.859212456509020783e-01 -4.995239934512403579e+01
4.240925735764377036e-01 -4.998777326727797288e+01
4.600794739243277975e-01 -4.997678280581055077e+01
4.949889595959590105e-01 -4.992746398978002276e+01
5.239738593195818472e-01 -4.989080027666598482e+01
5.519370255502471512e-01 -4.983262693848875102e+01
5.790607911068330615e-01 -4.972931936654554619e+01
6.049430098019933366e-01 -4.966401190614622863e+01
6.310021980534901154e-01 -4.958222148894961379e+01
6.560044196114368509e-01 -4.950190939367303855e+01
6.803649639228999124e-01 -4.941194679676356571e+01
7.043120819766955920e-01 -4.932579373265628675e+01
7.275947031903935436e-01 -4.926991046665839491e+01
7.494474625834471881e-01 -4.912560817586957285e+01
7.671578530430330778e-01 -4.904989821295323082e+01
7.848399962526019236e-01 -4.895975951975312768e+01
8.024093087441421801e-01 -4.885716767992030896e+01
8.207643247418626720e-01 -4.875121885956239254e+01
8.367996227666132381e-01 -4.863738643342020396e+01
8.493728520663886838e-01 -4.855299448679903662e+01
8.616646307255421133e-01 -4.847382124795400671e+01
8.744177003653592628e-01 -4.839915544489230825e+01
8.868080349335113466e-01 -4.828725567797227569e+01
8.996337927042702409e-01 -4.821421484418425507e+01
9.120108393559096527e-01 -4.814875029159355790e+01
