6.918309709189363055e-02 -3.595750915276209270e+01
1.069054879222657295e-01 -3.169865674749108209e+01
1.430013090881850635e-01 -2.968987130724503487e+01
1.747210677787641997e-01 -2.842497681260144304e+01
2.023691093679611808e-01 -2.751356959130522029e+01
2.288441571742559077e-01 -2.684099501069865568e+01
2.552974035717613388e-01 -2.586686471875659166e+01
2.802594523792587000e-01 -2.555310645661970881e+01
3.048329568223489550e-01 -2.530101500794658875e+01
3.258341160836837336e-01 -2.508772708940012564e+01
3.466668793050656228e-01 -2.490795185429409742e+01
3.661085683585907358e-01 -2.476280906205215615e+01
3.859212456509020783e-01 -2.463197960297405231e+01
4.052869077319075641e-01 -2.452185272188856047e+01
4.240925735764377036e-01 -2.442005685312397389e+01
4.419107376363038964e-01 -2.432872901815846589e+01
4.600794739243277975e-01 -2.424255459055681428e+01
4.785335052517001309e-01 -2.416212419254802057e+01
4.949889595959590105e-01 -2.408577216574557056e+01
5.091310916730596992e-01 -2.401391769702588874e+01
5.239738593195818472e-01 -2.394222974419288974e+01
5.380356788574782723e-01 -2.387410804644819962e+01
5.519370255502471512e-01 -2.380869444091954890e+01
5.660671779470934917e-01 -2.374219988837724671e+01
5.790607911068330615e-01 -2.367955237457944762e+01
5.925731114586282322e-01 -2.361568260192139945e+01
6.049430098019933366e-01 -2.355576976391214572e+01
6.186170807305768626e-01 -2.349202128379681653e+01
6.310021980534901154e-01 -2.344032840276680929e+01
6.447225777633069921e-01 -2.337902845673934848e+01
6.560044196114368509e-01 -2.332974262309134161e+01
6.684467040384861614e-01 -2.327144997840559526e+01
6.803649639228999124e-01 -2.321614487114530689e+01
6.916876207964992584e-01 -2.316828310723504458e+01
7.043120819766955920e-01 -2.311506478803423192e+01
7.163056484489599418e-01 -2.305906304879398405e+01
7.275947031903935436e-01 -2.301202183407193047e+01
7.402405625197464589e-01 -2.295663802409318066e+01
7.494474625834471881e-01 -2.290521827674183086e+01
7.577742240984973732e-01 -2.285365753729923100e+01
7.671578530430330778e-01 -2.280114602474968422e+01
7.758971425463475624e-01 -2.275161516585954047e+01
7.848399962526019236e-01 -2.270290682489693879e+01
7.939911557812042719e-01 -2.265421341562998592e+01
8.024093087441421801e-01 -2.260765307096709975e+01
8.119697101329879096e-01 -2.255204685175792534e+01
8.207643247418626720e-01 -2.250692140969806587e+01
8.297430940400554178e-01 -2.245835916396684695e+01
8.367996227666132381e-01 -2.240948636110768533e+01
8.426551541791446054e-01 -2.236407723778441436e+01
8.493728520663886838e-01 -2.231471145609383200e+01
8.554621372639256149e-01 -2.227023744488183965e+01
8.616646307255421133e-01 -2.222547722832829464e+01
8.679824371500065583e-01 -2.217908849284260953e+01
8.744177003653592628e-01 -2.213102219001676119e+01
8.801466226256193792e-01 -2.209222370777563071e+01
8.868080349335113466e-01 -2.204280629025365101e+01
8.927382839347345334e-01 -2.200060208623157365e+01
8.996337927042702409e-01 -2.195122342427420392e+01
9.057724435043446043e-01 -2.191084769278040056e+01
9.120108393559096527e-01 -2.186615465902533373e+01
