-1.228799999999999955e+02 -9.883271547312047289e+01
-1.223999999999999915e+02 -9.910423142073349823e+01
-1.219200000000000017e+02 -9.901697384615948749e+01
-1.214399999999999977e+02 -9.899993074894544520e+01
-1.209599999999999937e+02 -9.891755179882346738e+01
-1.204799999999999898e+02 -9.898190016833382288e+01
-1.200000000000000000e+02 -9.908675009360068486e+01
-1.195199999999999960e+02 -9.894044360249307601e+01
-1.190399999999999920e+02 -9.892331976016747319e+01
-1.185600000000000023e+02 -9.919094408526351003e+01
-1.180799999999999983e+02 -9.931224070076589783e+01
-1.175999999999999943e+02 -9.907419801527186110e+01
-1.171199999999999903e+02 -9.874965086922877333e+01
-1.166400000000000006e+02 -9.894647849039986909e+01
-1.161599999999999966e+02 -9.907925344643329879e+01
-1.156799999999999926e+02 -9.898539199893522778e+01
-1.151999999999999886e+02 -9.884548311877202309e+01
-1.147199999999999989e+02 -9.863689466866779298e+01
-1.142399999999999949e+02 -9.859349419544903981e+01
-1.137599999999999909e+02 -9.864698670131544134e+01
-1.132800000000000011e+02 -9.857346270278368650e+01
-1.127999999999999972e+02 -9.874663274127449597e+01
-1.123199999999999932e+02 -9.878068701188175282e+01
-1.118399999999999892e+02 -9.856139722979273188e+01
-1.113599999999999994e+02 -9.821515667671636152e+01
-1.108799999999999955e+02 -9.805518905362360726e+01
-1.103999999999999915e+02 -9.744126234091076810e+01
-1.099200000000000017e+02 -9.661759528626168958e+01
-1.094399999999999977e+02 -9.626815240455023570e+01
-1.089599999999999937e+02 -9.574052820679273168e+01
-1.084799999999999898e+02 -9.482030129764000037e+01
-1.080000000000000000e+02 -9.415439608878308775e+01
-1.075199999999999960e+02 -9.355048654852053858e+01
-1.070399999999999920e+02 -9.291439527437148627e+01
-1.065600000000000023e+02 -9.220188608633401373e+01
-1.060799999999999983e+02 -9.154871609840546398e+01
-1.055999999999999943e+02 -9.089202517763342826e+01
-1.051199999999999903e+02 -9.021581077394736781e+01
-1.046400000000000006e+02 -8.967878904039329768e+01
-1.041599999999999966e+02 -8.977961018412341332e+01
-1.036799999999999926e+02 -8.951022031722210670e+01
-1.032000000000000028e+02 -8.902823584987609706e+01
-1.027199999999999989e+02 -8.899125681319623027e+01
-1.022399999999999949e+02 -8.862187106674542747e+01
-1.017599999999999909e+02 -8.829634380873599753e+01
-1.012800000000000011e+02 -8.794715854787112619e+01
-1.007999999999999972e+02 -8.785857167262115297e+01
-1.003199999999999932e+02 -8.806063608034152423e+01
-9.984000000000000341e+01 -8.780287711762139224e+01
-9.935999999999999943e+01 -8.775162896429641535e+01
-9.887999999999999545e+01 -8.792227681850226872e+01
-9.839999999999999147e+01 -8.775127071377079346e+01
-9.792000000000000171e+01 -8.755805779949356804e+01
-9.743999999999999773e+01 -8.747694414027031939e+01
-9.695999999999999375e+01 -8.739977450319649677e+01
-9.647999999999998977e+01 -8.746897258085495253e+01
-9.600000000000000000e+01 -8.761119078189022957e+01
-9.551999999999999602e+01 -8.771551125991777553e+01
-9.503999999999999204e+01 -8.772331863541958796e+01
-9.456000000000000227e+01 -8.770424057460333245e+01
-9.407999999999999829e+01 -8.743640111596413078e+01
-9.359999999999999432e+01 -8.728127903791434505e+01
-9.311999999999999034e+01 -8.761770502694405138e+01
-9.264000000000000057e+01 -8.766406718795946063e+01
-9.215999999999999659e+01 -8.741683989077537831e+01
-9.167999999999999261e+01 -8.754378572126411484e+01
-9.120000000000000284e+01 -8.784251356383450116e+01
-9.071999999999999886e+01 -8.796096309437551497e+01
-9.023999999999999488e+01 -8.772636491602541753e+01
-8.975999999999999091e+01 -8.735233647461132023e+01
-8.928000000000000114e+01 -8.726726853519593874e+01
-8.879999999999999716e+01 -8.737511381327921356e+01
-8.831999999999999318e+01 -8.739243646140482724e+01
-8.784000000000000341e+01 -8.734302785011610126e+01
-8.735999999999999943e+01 -8.730807456206427730e+01
-8.687999999999999545e+01 -8.735801459227509724e+01
-8.639999999999999147e+01 -8.725782922180327716e+01
-8.592000000000000171e+01 -8.714986351966152256e+01
-8.543999999999999773e+01 -8.709771391974791754e+01
-8.495999999999999375e+01 -8.716568773786660529e+01
-8.447999999999998977e+01 -8.721264501066345076e+01
-8.400000000000000000e+01 -8.726969825153815918e+01
-8.351999999999999602e+01 -8.704579793010120170e+01
-8.303999999999999204e+01 -8.678555460613426931e+01
-8.256000000000000227e+01 -8.715342481326231905e+01
-8.207999999999999829e+01 -8.712704828610119989e+01
-8.159999999999999432e+01 -8.703704312634813789e+01
-8.111999999999999034e+01 -8.691846575554997401e+01
-8.064000000000000057e+01 -8.683550518383145800e+01
-8.015999999999999659e+01 -8.661756423592734677e+01
-7.967999999999999261e+01 -8.660428153831672660e+01
-7.920000000000000284e+01 -8.673872615112722428e+01
-7.871999999999999886e+01 -8.698063421964094744e+01
-7.823999999999999488e+01 -8.705276642024151101e+01
-7.775999999999999091e+01 -8.693434705036403898e+01
-7.728000000000000114e+01 -8.661694220042049608e+01
-7.679999999999999716e+01 -8.637205071092009234e+01
-7.631999999999999318e+01 -8.633619997382211864e+01
-7.584000000000000341e+01 -8.638161445091634505e+01
-7.535999999999999943e+01 -8.646914141134257648e+01
-7.487999999999999545e+01 -8.651322438621120625e+01
-7.439999999999999147e+01 -8.615433663619253934e+01
-7.392000000000000171e+01 -8.631174426831618973e+01
-7.343999999999999773e+01 -8.647783161634747273e+01
-7.295999999999999375e+01 -8.631705654601178423e+01
-7.248000000000000398e+01 -8.632548883490329672e+01
-7.200000000000000000e+01 -8.620343937191195494e+01
-7.151999999999999602e+01 -8.631374913734200049e+01
-7.103999999999999204e+01 -8.635390611180514497e+01
-7.056000000000000227e+01 -8.638498224433034522e+01
-7.007999999999999829e+01 -8.614872688526995148e+01
-6.959999999999999432e+01 -8.588743352213144533e+01
-6.912000000000000455e+01 -8.566448297934365996e+01
-6.864000000000000057e+01 -8.549839002518056930e+01
-6.815999999999999659e+01 -8.552306328775038935e+01
-6.767999999999999261e+01 -8.580963975479531314e+01
-6.720000000000000284e+01 -8.560694233773648421e+01
-6.671999999999999886e+01 -8.551707877313818074e+01
-6.623999999999999488e+01 -8.559026081074125614e+01
-6.575999999999999091e+01 -8.535693954829852714e+01
-6.528000000000000114e+01 -8.525364664031010875e+01
-6.479999999999999716e+01 -8.523683867665171476e+01
-6.431999999999999318e+01 -8.515663635525970676e+01
-6.383999999999999631e+01 -8.487374701647652842e+01
-6.335999999999999943e+01 -8.460059731170255759e+01
-6.287999999999999545e+01 -8.425029955827488948e+01
-6.239999999999999858e+01 -8.418351153626245775e+01
-6.191999999999999460e+01 -8.427980141166219141e+01
-6.143999999999999773e+01 -8.418517067455940150e+01
-6.096000000000000085e+01 -8.399995924224376154e+01
-6.047999999999999687e+01 -8.387597867029870713e+01
-6.000000000000000000e+01 -8.366724152746856191e+01
-5.951999999999999602e+01 -8.380675223175504129e+01
-5.903999999999999915e+01 -8.377677884782090700e+01
-5.855999999999999517e+01 -8.352360040171161870e+01
-5.807999999999999829e+01 -8.326487053824884299e+01
-5.759999999999999432e+01 -8.288467176336345688e+01
-5.711999999999999744e+01 -8.255188374624914616e+01
-5.664000000000000057e+01 -8.222091227065550356e+01
-5.615999999999999659e+01 -8.194216164973708771e+01
-5.567999999999999972e+01 -8.190967016884724217e+01
-5.519999999999999574e+01 -8.155044964086204118e+01
-5.471999999999999886e+01 -8.125065297205412662e+01
-5.423999999999999488e+01 -8.113690526716806062e+01
-5.375999999999999801e+01 -8.088153955884082791e+01
-5.328000000000000114e+01 -8.083522465459247996e+01
-5.279999999999999716e+01 -8.073877627896921183e+01
-5.232000000000000028e+01 -8.053741695967832470e+01
-5.183999999999999631e+01 -8.043848005242735155e+01
-5.135999999999999943e+01 -8.006123510916084740e+01
-5.087999999999999545e+01 -7.951829343571586151e+01
-5.039999999999999858e+01 -7.923967458548924014e+01
-4.992000000000000171e+01 -7.918965499483191195e+01
-4.943999999999999773e+01 -7.888849717314420218e+01
-4.896000000000000085e+01 -7.857793733026245775e+01
-4.847999999999999687e+01 -7.819834521257037352e+01
-4.800000000000000000e+01 -7.790631410145104496e+01
-4.751999999999999602e+01 -7.774481406616091306e+01
-4.703999999999999915e+01 -7.749062617850002255e+01
-4.655999999999999517e+01 -7.706867910233123098e+01
-4.607999999999999829e+01 -7.683779289223649300e+01
-4.560000000000000142e+01 -7.659305469552265322e+01
-4.511999999999999744e+01 -7.594146714423504818e+01
-4.464000000000000057e+01 -7.591876951029418308e+01
-4.415999999999999659e+01 -7.570883645979373000e+01
-4.367999999999999972e+01 -7.502165043188578863e+01
-4.319999999999999574e+01 -7.447242469869755155e+01
-4.271999999999999886e+01 -7.397022002743636904e+01
-4.223999999999999488e+01 -7.382797719963593863e+01
-4.175999999999999801e+01 -7.338548981940829208e+01
-4.128000000000000114e+01 -7.289119086821115445e+01
-4.079999999999999716e+01 -7.269362900672028616e+01
-4.032000000000000028e+01 -7.231283357545575541e+01
-3.983999999999999631e+01 -7.202770718391958837e+01
-3.935999999999999943e+01 -7.149111937449211496e+01
-3.887999999999999545e+01 -7.095583937432604671e+01
-3.839999999999999858e+01 -7.057639521709738517e+01
-3.792000000000000171e+01 -7.030783506078228129e+01
-3.743999999999999773e+01 -7.006761524201334623e+01
-3.696000000000000085e+01 -6.975462512795600389e+01
-3.647999999999999687e+01 -6.955171137263592129e+01
-3.600000000000000000e+01 -6.937071563551937459e+01
-3.551999999999999602e+01 -6.885653313967743827e+01
-3.503999999999999915e+01 -6.851071985182136359e+01
-3.456000000000000227e+01 -6.802601614165376986e+01
-3.407999999999999829e+01 -6.735224945998263024e+01
-3.360000000000000142e+01 -6.700720436290065152e+01
-3.311999999999999744e+01 -6.714454836895338019e+01
-3.264000000000000057e+01 -6.686369546872596459e+01
-3.215999999999999659e+01 -6.647510173117055388e+01
-3.167999999999999972e+01 -6.629324717219435570e+01
-3.119999999999999929e+01 -6.574035615699071400e+01
-3.071999999999999886e+01 -6.515837397545288923e+01
-3.023999999999999844e+01 -6.475542433884045579e+01
-2.975999999999999801e+01 -6.435018925318944127e+01
-2.927999999999999758e+01 -6.391667117261882680e+01
-2.879999999999999716e+01 -6.367139676512523749e+01
-2.832000000000000028e+01 -6.354356779870349925e+01
-2.783999999999999986e+01 -6.338754465446470476e+01
-2.735999999999999943e+01 -6.276067010212620545e+01
-2.687999999999999901e+01 -6.211737892686984708e+01
-2.639999999999999858e+01 -6.181277314083695273e+01
-2.591999999999999815e+01 -6.164919707266734150e+01
-2.543999999999999773e+01 -6.126801478843020021e+01
-2.496000000000000085e+01 -6.108585098979985162e+01
-2.448000000000000043e+01 -6.094336341640858024e+01
-2.400000000000000000e+01 -6.062690387337396913e+01
-2.351999999999999957e+01 -6.043300300809854519e+01
-2.303999999999999915e+01 -6.021412059375269621e+01
-2.255999999999999872e+01 -5.985530568164875120e+01
-2.207999999999999829e+01 -5.970844700482000178e+01
-2.159999999999999787e+01 -5.936442485853712014e+01
-2.111999999999999744e+01 -5.931808260624749352e+01
-2.064000000000000057e+01 -5.920234507231625543e+01
-2.016000000000000014e+01 -5.899619097004253376e+01
-1.967999999999999972e+01 -5.873008860518199015e+01
-1.919999999999999929e+01 -5.829749726569736623e+01
-1.871999999999999886e+01 -5.777793548659151668e+01
-1.823999999999999844e+01 -5.751074806213942026e+01
-1.775999999999999801e+01 -5.757771744468087860e+01
-1.728000000000000114e+01 -5.737844149589889042e+01
-1.680000000000000071e+01 -5.710134748305564756e+01
-1.632000000000000028e+01 -5.697309013628378693e+01
-1.583999999999999986e+01 -5.680200117254499759e+01
-1.535999999999999943e+01 -5.662214733988814430e+01
-1.487999999999999901e+01 -5.643266356227178449e+01
-1.439999999999999858e+01 -5.621459431265047613e+01
-1.391999999999999993e+01 -5.607684132976031322e+01
-1.343999999999999950e+01 -5.619098015782768840e+01
-1.295999999999999908e+01 -5.617948031465549263e+01
-1.248000000000000043e+01 -5.572194965541159206e+01
-1.200000000000000000e+01 -5.550646089495893420e+01
-1.151999999999999957e+01 -5.543741614885314561e+01
-1.103999999999999915e+01 -5.495916618793395259e+01
-1.055999999999999872e+01 -5.145249112636045652e+01
-1.008000000000000007e+01 -3.543045569598709932e+01
-9.599999999999999645e+00 -2.709885354298370430e+01
-9.119999999999999218e+00 -2.451509004519962787e+01
-8.640000000000000568e+00 -2.432543933514373791e+01
-8.160000000000000142e+00 -2.432467701599467702e+01
-7.679999999999999716e+00 -2.415382149133449374e+01
-7.199999999999999289e+00 -2.406686238215685592e+01
-6.719999999999999751e+00 -2.423382894285577294e+01
-6.240000000000000213e+00 -2.420482708886783740e+01
-5.759999999999999787e+00 -2.406169335377143526e+01
-5.279999999999999361e+00 -2.408472611729581914e+01
-4.799999999999999822e+00 -2.405833134449533972e+01
-4.320000000000000284e+00 -2.429840302208344127e+01
-3.839999999999999858e+00 -2.442614551937644407e+01
-3.359999999999999876e+00 -2.444469072474614535e+01
-2.879999999999999893e+00 -2.446836492310676192e+01
-2.399999999999999911e+00 -2.434445079423584701e+01
-1.919999999999999929e+00 -2.436544640525929140e+01
-1.439999999999999947e+00 -2.437722024565477241e+01
-9.599999999999999645e-01 -2.433571819660819813e+01
-4.799999999999999822e-01 -2.446458347202068140e+01
0.000000000000000000e+00 -2.454044843045511470e+01
4.799999999999999822e-01 -2.434959194212101963e+01
9.599999999999999645e-01 -2.397529343491443399e+01
1.439999999999999947e+00 -2.432865738059830818e+01
1.919999999999999929e+00 -2.472058402475111549e+01
2.399999999999999911e+00 -2.452813660899607839e+01
2.879999999999999893e+00 -2.437287781437277090e+01
3.359999999999999876e+00 -2.421555794197707456e+01
3.839999999999999858e+00 -2.446597408518276495e+01
4.320000000000000284e+00 -2.481009950877847103e+01
4.799999999999999822e+00 -2.478106349040326251e+01
5.279999999999999361e+00 -2.468846545721315877e+01
5.759999999999999787e+00 -2.469893232683832451e+01
6.240000000000000213e+00 -2.480147457486290108e+01
6.719999999999999751e+00 -2.477973859363929421e+01
7.199999999999999289e+00 -2.468573537614184943e+01
7.679999999999999716e+00 -2.490311411752811210e+01
8.160000000000000142e+00 -2.485824297451641485e+01
8.640000000000000568e+00 -2.478260233813026048e+01
9.119999999999999218e+00 -2.512310269577249144e+01
9.599999999999999645e+00 -2.786137411458292235e+01
1.008000000000000007e+01 -3.634458440003883339e+01
1.055999999999999872e+01 -5.215764477675907784e+01
1.103999999999999915e+01 -5.550725503099662461e+01
1.151999999999999957e+01 -5.615466961301510196e+01
1.200000000000000000e+01 -5.645384386264389320e+01
1.248000000000000043e+01 -5.656792359094324496e+01
1.295999999999999908e+01 -5.681551154767311118e+01
1.343999999999999950e+01 -5.720132964908302853e+01
1.391999999999999993e+01 -5.743657854492444415e+01
1.439999999999999858e+01 -5.758370964958429283e+01
1.487999999999999901e+01 -5.795632877283558315e+01
1.535999999999999943e+01 -5.807478013548525553e+01
1.583999999999999986e+01 -5.805980988253629249e+01
1.632000000000000028e+01 -5.825322904098908339e+01
1.680000000000000071e+01 -5.872466830426920126e+01
1.728000000000000114e+01 -5.891121644496933385e+01
1.775999999999999801e+01 -5.917430208712723072e+01
1.823999999999999844e+01 -5.962459784361328019e+01
1.871999999999999886e+01 -5.980718301258788472e+01
1.919999999999999929e+01 -6.020193123719664641e+01
1.967999999999999972e+01 -6.053025768142964580e+01
2.016000000000000014e+01 -6.049304179559358374e+01
2.064000000000000057e+01 -6.069383755633359812e+01
2.111999999999999744e+01 -6.113514345110371551e+01
2.159999999999999787e+01 -6.165843213033147663e+01
2.207999999999999829e+01 -6.191179436978674744e+01
2.255999999999999872e+01 -6.228796161253106334e+01
2.303999999999999915e+01 -6.251007787825482609e+01
2.351999999999999957e+01 -6.257523766557712008e+01
2.400000000000000000e+01 -6.305936798584372127e+01
2.448000000000000043e+01 -6.339311193257647403e+01
2.496000000000000085e+01 -6.342121197758802964e+01
2.543999999999999773e+01 -6.387808621699019085e+01
2.591999999999999815e+01 -6.423774103070550723e+01
2.639999999999999858e+01 -6.454238910071269686e+01
2.687999999999999901e+01 -6.500828147900747922e+01
2.735999999999999943e+01 -6.539824978489347984e+01
2.783999999999999986e+01 -6.583882680569797685e+01
2.832000000000000028e+01 -6.628727004940824941e+01
2.879999999999999716e+01 -6.668779000260624912e+01
2.927999999999999758e+01 -6.682744966077993354e+01
2.975999999999999801e+01 -6.689471040596086482e+01
3.023999999999999844e+01 -6.743067292929701750e+01
3.071999999999999886e+01 -6.797250827161224151e+01
3.119999999999999929e+01 -6.834435076426751721e+01
3.167999999999999972e+01 -6.862038743103525462e+01
3.215999999999999659e+01 -6.903433952488964565e+01
3.264000000000000057e+01 -6.945089075647015875e+01
3.311999999999999744e+01 -6.955409601196575409e+01
3.360000000000000142e+01 -6.995539207686201166e+01
3.407999999999999829e+01 -7.042582561036014965e+01
3.456000000000000227e+01 -7.070697788835902031e+01
3.503999999999999915e+01 -7.110390385547735548e+01
3.551999999999999602e+01 -7.141656466705499895e+01
3.600000000000000000e+01 -7.171629538860196362e+01
3.647999999999999687e+01 -7.192131160837303128e+01
3.696000000000000085e+01 -7.243793703901644676e+01
3.743999999999999773e+01 -7.297305170256254314e+01
3.792000000000000171e+01 -7.312283677574119167e+01
3.839999999999999858e+01 -7.335586860810418841e+01
3.887999999999999545e+01 -7.346272271586504132e+01
3.935999999999999943e+01 -7.382944613083294882e+01
3.983999999999999631e+01 -7.419371373873845243e+01
4.032000000000000028e+01 -7.457271254007898165e+01
4.079999999999999716e+01 -7.485439754693803138e+01
4.128000000000000114e+01 -7.530820242555775224e+01
4.175999999999999801e+01 -7.569884485814141328e+01
4.223999999999999488e+01 -7.560058343159099081e+01
4.271999999999999886e+01 -7.585711648292097209e+01
4.319999999999999574e+01 -7.650059061027198481e+01
4.367999999999999972e+01 -7.700917466863293726e+01
4.415999999999999659e+01 -7.735714039636378914e+01
4.464000000000000057e+01 -7.751149381214459311e+01
4.511999999999999744e+01 -7.763463153118236448e+01
4.560000000000000142e+01 -7.827704180475461726e+01
4.607999999999999829e+01 -7.863775647703283767e+01
4.655999999999999517e+01 -7.883024758110492769e+01
4.703999999999999915e+01 -7.916424792243942932e+01
4.751999999999999602e+01 -7.950372975619723093e+01
4.800000000000000000e+01 -7.929548246252601018e+01
4.847999999999999687e+01 -7.946988741781649424e+01
4.896000000000000085e+01 -7.999509201847007489e+01
4.943999999999999773e+01 -8.032862461764331385e+01
4.992000000000000171e+01 -8.035510846030986443e+01
5.039999999999999858e+01 -8.072446610803025635e+01
5.087999999999999545e+01 -8.082763649777746195e+01
5.135999999999999943e+01 -8.083176913872830482e+01
5.183999999999999631e+01 -8.112988435848615154e+01
5.232000000000000028e+01 -8.141380110690418803e+01
5.279999999999999716e+01 -8.129143279846395842e+01
5.328000000000000114e+01 -8.141142802591197380e+01
5.375999999999999801e+01 -8.152915791965760661e+01
5.423999999999999488e+01 -8.168339393284972516e+01
5.471999999999999886e+01 -8.183914058325059671e+01
5.519999999999999574e+01 -8.203318522735004592e+01
5.567999999999999972e+01 -8.231413775242678810e+01
5.615999999999999659e+01 -8.261431522759993129e+01
5.664000000000000057e+01 -8.289076326954793217e+01
5.711999999999999744e+01 -8.310562507373815322e+01
5.759999999999999432e+01 -8.313479968858815994e+01
5.807999999999999829e+01 -8.333016769667806045e+01
5.855999999999999517e+01 -8.360153518529477878e+01
5.903999999999999915e+01 -8.363081224506390754e+01
5.951999999999999602e+01 -8.377924291380031718e+01
6.000000000000000000e+01 -8.382532530000055715e+01
6.047999999999999687e+01 -8.369770640484240687e+01
6.096000000000000085e+01 -8.397214476862788501e+01
6.143999999999999773e+01 -8.427323382739180602e+01
6.191999999999999460e+01 -8.439848319455363423e+01
6.239999999999999858e+01 -8.433633182976390685e+01
6.287999999999999545e+01 -8.444795090099563595e+01
6.335999999999999943e+01 -8.465855448726091481e+01
6.383999999999999631e+01 -8.453325475522947841e+01
6.431999999999999318e+01 -8.467139978842138248e+01
6.479999999999999716e+01 -8.494151469459298198e+01
6.528000000000000114e+01 -8.481165798361126917e+01
6.575999999999999091e+01 -8.472360026393803878e+01
6.623999999999999488e+01 -8.479889293410843720e+01
6.671999999999999886e+01 -8.482141066120388473e+01
6.720000000000000284e+01 -8.488022276767800633e+01
6.767999999999999261e+01 -8.522171441319639484e+01
6.815999999999999659e+01 -8.547634453001991517e+01
6.864000000000000057e+01 -8.539614912968445992e+01
6.912000000000000455e+01 -8.531082070899498149e+01
6.959999999999999432e+01 -8.522337674632957771e+01
7.007999999999999829e+01 -8.538660487751033656e+01
7.056000000000000227e+01 -8.556662088316974746e+01
7.103999999999999204e+01 -8.551780910100596600e+01
7.151999999999999602e+01 -8.542513851759619570e+01
7.200000000000000000e+01 -8.523019558066658874e+01
7.248000000000000398e+01 -8.529466755028684588e+01
7.295999999999999375e+01 -8.539756657830554332e+01
7.343999999999999773e+01 -8.554128113119219279e+01
7.392000000000000171e+01 -8.561105772990319451e+01
7.439999999999999147e+01 -8.574017331006423603e+01
7.487999999999999545e+01 -8.569403072096486085e+01
7.535999999999999943e+01 -8.568112903972931349e+01
7.584000000000000341e+01 -8.577181889547813398e+01
7.631999999999999318e+01 -8.611333358570603025e+01
7.679999999999999716e+01 -8.625835770954488169e+01
7.728000000000000114e+01 -8.609636614097703955e+01
7.775999999999999091e+01 -8.596579957132901484e+01
7.823999999999999488e+01 -8.580828544662963964e+01
7.871999999999999886e+01 -8.592144461526427790e+01
7.920000000000000284e+01 -8.607230932437417437e+01
7.967999999999999261e+01 -8.603564582373552128e+01
8.015999999999999659e+01 -8.601199797447014816e+01
8.064000000000000057e+01 -8.613197103546069400e+01
8.111999999999999034e+01 -8.619596727488115562e+01
8.159999999999999432e+01 -8.620244283531434348e+01
8.207999999999999829e+01 -8.629313241186744676e+01
8.256000000000000227e+01 -8.623987411327209429e+01
8.303999999999999204e+01 -8.609648508313073023e+01
8.351999999999999602e+01 -8.621458252556543300e+01
8.400000000000000000e+01 -8.618388821302742997e+01
8.447999999999998977e+01 -8.646118468443279426e+01
8.495999999999999375e+01 -8.680999474931397231e+01
8.543999999999999773e+01 -8.671838647810049849e+01
8.592000000000000171e+01 -8.647086133538964248e+01
8.639999999999999147e+01 -8.624089562210733106e+01
8.687999999999999545e+01 -8.626458902377386551e+01
8.735999999999999943e+01 -8.630316151412385750e+01
8.784000000000000341e+01 -8.658599323569356443e+01
8.831999999999999318e+01 -8.654599611064968201e+01
8.879999999999999716e+01 -8.638989097334793144e+01
8.928000000000000114e+01 -8.665202026578253935e+01
8.975999999999999091e+01 -8.662122620424845820e+01
9.023999999999999488e+01 -8.628209823843081949e+01
9.071999999999999886e+01 -8.633779403317724643e+01
9.120000000000000284e+01 -8.649992727189504649e+01
9.167999999999999261e+01 -8.641832733577157910e+01
9.215999999999999659e+01 -8.656968970923568918e+01
9.264000000000000057e+01 -8.683724834683404481e+01
9.311999999999999034e+01 -8.675776187033196152e+01
9.359999999999999432e+01 -8.684805552289989805e+01
9.407999999999999829e+01 -8.711161730941074666e+01
9.456000000000000227e+01 -8.704827775382726429e+01
9.503999999999999204e+01 -8.678805040754485844e+01
9.551999999999999602e+01 -8.686704306140742915e+01
9.600000000000000000e+01 -8.689919824726624142e+01
9.647999999999998977e+01 -8.713473923879837457e+01
9.695999999999999375e+01 -8.702853025280694510e+01
9.743999999999999773e+01 -8.675262216047771346e+01
9.792000000000000171e+01 -8.676976609458931478e+01
9.839999999999999147e+01 -8.690410450581366320e+01
9.887999999999999545e+01 -8.697165661387211344e+01
9.935999999999999943e+01 -8.695327964860044290e+01
9.984000000000000341e+01 -8.677380998072888474e+01
1.003199999999999932e+02 -8.697045510800363388e+01
1.007999999999999972e+02 -8.736258947922287632e+01
1.012800000000000011e+02 -8.755167530548706623e+01
1.017599999999999909e+02 -8.725686987353225277e+01
1.022399999999999949e+02 -8.741961122635427728e+01
1.027199999999999989e+02 -8.796241185645550331e+01
1.032000000000000028e+02 -8.827279399248176617e+01
1.036799999999999926e+02 -8.809578288986331529e+01
1.041599999999999966e+02 -8.847131932234917429e+01
1.046400000000000006e+02 -8.886132979116290187e+01
1.051199999999999903e+02 -8.922585050578979349e+01
1.055999999999999943e+02 -8.805131817261410276e+01
1.060799999999999983e+02 -8.698838846729341867e+01
1.065600000000000023e+02 -8.938377117102331226e+01
1.070399999999999920e+02 -9.124712452638070204e+01
1.075199999999999960e+02 -9.200128702925042035e+01
1.080000000000000000e+02 -9.284745967303740599e+01
1.084799999999999898e+02 -9.384125825565605794e+01
1.089599999999999937e+02 -9.477618250981851133e+01
1.094399999999999977e+02 -9.539152855346485183e+01
1.099200000000000017e+02 -9.612076752860367890e+01
1.103999999999999915e+02 -9.683498030758400432e+01
1.108799999999999955e+02 -9.729600453868786758e+01
1.113599999999999994e+02 -9.799582248375371307e+01
1.118399999999999892e+02 -9.817077238475155809e+01
1.123199999999999932e+02 -9.863456651917076101e+01
1.127999999999999972e+02 -9.911489517835445895e+01
1.132800000000000011e+02 -9.914405145352021975e+01
1.137599999999999909e+02 -9.915020921468280335e+01
1.142399999999999949e+02 -9.904037786293969248e+01
1.147199999999999989e+02 -9.894800626749004380e+01
1.151999999999999886e+02 -9.899754581531681197e+01
1.156799999999999926e+02 -9.879462496081399081e+01
1.161599999999999966e+02 -9.869566124790668482e+01
1.166400000000000006e+02 -9.894777493712220462e+01
1.171199999999999903e+02 -9.921449847615218687e+01
1.175999999999999943e+02 -9.901054719836210438e+01
1.180799999999999983e+02 -9.881930004981515481e+01
1.185600000000000023e+02 -9.905089632649836062e+01
1.190399999999999920e+02 -9.905490917064959433e+01
1.195199999999999960e+02 -9.916100169877452686e+01
1.200000000000000000e+02 -9.886910374229034915e+01
1.204799999999999898e+02 -9.879279530863232139e+01
1.209599999999999937e+02 -9.885075683859864171e+01
1.214399999999999977e+02 -9.882945359971323285e+01
1.219200000000000017e+02 -9.872680055457013282e+01
1.223999999999999915e+02 -9.886828422691833396e+01
