-1.228799999999999955e+02 -8.217021431471094672e+01
-1.223999999999999915e+02 -8.368543794085113063e+01
-1.219200000000000017e+02 -8.317245088102154682e+01
-1.214399999999999977e+02 -8.343996745629284817e+01
-1.209599999999999937e+02 -8.306474381307226906e+01
-1.204799999999999898e+02 -8.374649362838536604e+01
-1.200000000000000000e+02 -8.341298581440250359e+01
-1.195199999999999960e+02 -8.391553369880321611e+01
-1.190399999999999920e+02 -8.376671723669488756e+01
-1.185600000000000023e+02 -8.399695788826406329e+01
-1.180799999999999983e+02 -8.442524039040712580e+01
-1.175999999999999943e+02 -8.415738852045272722e+01
-1.171199999999999903e+02 -8.432994197583923324e+01
-1.166400000000000006e+02 -8.432124483708770413e+01
-1.161599999999999966e+02 -8.490696712419114078e+01
-1.156799999999999926e+02 -8.477457498505494016e+01
-1.151999999999999886e+02 -8.491215321340619937e+01
-1.147199999999999989e+02 -8.496561230551911592e+01
-1.142399999999999949e+02 -8.501792320057666075e+01
-1.137599999999999909e+02 -8.509473446625044346e+01
-1.132800000000000011e+02 -8.534512848079721437e+01
-1.127999999999999972e+02 -8.538312236177679893e+01
-1.123199999999999932e+02 -8.559321064395697931e+01
-1.118399999999999892e+02 -8.550294384619483878e+01
-1.113599999999999994e+02 -8.520814479990943369e+01
-1.108799999999999955e+02 -8.501917432525027607e+01
-1.103999999999999915e+02 -8.447626587339041748e+01
-1.099200000000000017e+02 -8.357153061600135402e+01
-1.094399999999999977e+02 -8.326976526671901979e+01
-1.089599999999999937e+02 -8.273383018393488442e+01
-1.084799999999999898e+02 -8.189026554901397503e+01
-1.080000000000000000e+02 -8.107203169483710781e+01
-1.075199999999999960e+02 -8.038354372514100987e+01
-1.070399999999999920e+02 -7.973536103289576715e+01
-1.065600000000000023e+02 -7.901649605239234120e+01
-1.060799999999999983e+02 -7.834094395454046378e+01
-1.055999999999999943e+02 -7.765997455392178495e+01
-1.051199999999999903e+02 -7.692483332834004273e+01
-1.046400000000000006e+02 -7.643211239585666306e+01
-1.041599999999999966e+02 -7.642567669373222827e+01
-1.036799999999999926e+02 -7.600704014073174619e+01
-1.032000000000000028e+02 -7.534692240144426023e+01
-1.027199999999999989e+02 -7.537425180444689943e+01
-1.022399999999999949e+02 -7.507761154708350659e+01
-1.017599999999999909e+02 -7.484586821087577846e+01
-1.012800000000000011e+02 -7.424231255018396780e+01
-1.007999999999999972e+02 -7.403196211059247389e+01
-1.003199999999999932e+02 -7.417186376396851699e+01
-9.984000000000000341e+01 -7.402465777957375792e+01
-9.935999999999999943e+01 -7.413264549407979587e+01
-9.887999999999999545e+01 -7.405547855622033637e+01
-9.839999999999999147e+01 -7.371233808325288805e+01
-9.792000000000000171e+01 -7.378571783475882739e+01
-9.743999999999999773e+01 -7.375322940546632822e+01
-9.695999999999999375e+01 -7.368215264156228272e+01
-9.647999999999998977e+01 -7.367603485258057106e+01
-9.600000000000000000e+01 -7.379788160229283278e+01
-9.551999999999999602e+01 -7.381075351921839456e+01
-9.503999999999999204e+01 -7.363223157758285708e+01
-9.456000000000000227e+01 -7.373811657124640817e+01
-9.407999999999999829e+01 -7.347108130151481475e+01
-9.359999999999999432e+01 -7.331230059886144090e+01
-9.311999999999999034e+01 -7.342783698807947701e+01
-9.264000000000000057e+01 -7.343956746954434323e+01
-9.215999999999999659e+01 -7.321084265141257674e+01
-9.167999999999999261e+01 -7.317836838032521030e+01
-9.120000000000000284e+01 -7.303595239870593048e+01
-9.071999999999999886e+01 -7.304251196371795629e+01
-9.023999999999999488e+01 -7.274218288412318145e+01
-8.975999999999999091e+01 -7.242112514590142780e+01
-8.928000000000000114e+01 -7.244891882007890160e+01
-8.879999999999999716e+01 -7.246309354763715760e+01
-8.831999999999999318e+01 -7.197795479895466997e+01
-8.784000000000000341e+01 -7.178614623510014781e+01
-8.735999999999999943e+01 -7.156328968045446004e+01
-8.687999999999999545e+01 -7.156941398570809554e+01
-8.639999999999999147e+01 -7.132013241872834897e+01
-8.592000000000000171e+01 -7.111545666299977597e+01
-8.543999999999999773e+01 -7.132944287526866844e+01
-8.495999999999999375e+01 -7.119982660831222177e+01
-8.447999999999998977e+01 -7.099280822270051772e+01
-8.400000000000000000e+01 -7.098818004020516526e+01
-8.351999999999999602e+01 -7.086986605808645834e+01
-8.303999999999999204e+01 -7.103147172925542918e+01
-8.256000000000000227e+01 -7.123083184010263835e+01
-8.207999999999999829e+01 -7.113340317569890203e+01
-8.159999999999999432e+01 -7.106472921706641444e+01
-8.111999999999999034e+01 -7.079465605917448556e+01
-8.064000000000000057e+01 -7.078700243238669998e+01
-8.015999999999999659e+01 -7.092742054367954552e+01
-7.967999999999999261e+01 -7.074954187053204180e+01
-7.920000000000000284e+01 -7.059506067361449766e+01
-7.871999999999999886e+01 -7.074414445460179479e+01
-7.823999999999999488e+01 -7.073673469398771374e+01
-7.775999999999999091e+01 -7.068365377818071238e+01
-7.728000000000000114e+01 -7.033802604725832452e+01
-7.679999999999999716e+01 -6.961621485897057937e+01
-7.631999999999999318e+01 -6.944078928728232825e+01
-7.584000000000000341e+01 -6.933380321432865401e+01
-7.535999999999999943e+01 -6.910230408619507614e+01
-7.487999999999999545e+01 -6.877455561984405108e+01
-7.439999999999999147e+01 -6.867869220068834579e+01
-7.392000000000000171e+01 -6.843172830006119511e+01
-7.343999999999999773e+01 -6.807384941028612957e+01
-7.295999999999999375e+01 -6.809976597399254672e+01
-7.248000000000000398e+01 -6.830013238422198185e+01
-7.200000000000000000e+01 -6.811446130175978908e+01
-7.151999999999999602e+01 -6.807609145618270929e+01
-7.103999999999999204e+01 -6.811085224923311898e+01
-7.056000000000000227e+01 -6.799323114680316849e+01
-7.007999999999999829e+01 -6.785687426549711176e+01
-6.959999999999999432e+01 -6.806610098436563305e+01
-6.912000000000000455e+01 -6.781784075860768723e+01
-6.864000000000000057e+01 -6.764557608224583873e+01
-6.815999999999999659e+01 -6.776289480505646168e+01
-6.767999999999999261e+01 -6.773228439206926055e+01
-6.720000000000000284e+01 -6.773101372275257859e+01
-6.671999999999999886e+01 -6.766641609167976412e+01
-6.623999999999999488e+01 -6.736574362087426948e+01
-6.575999999999999091e+01 -6.714822796202028599e+01
-6.528000000000000114e+01 -6.732823099988026172e+01
-6.479999999999999716e+01 -6.728270711694216288e+01
-6.431999999999999318e+01 -6.705220334195772125e+01
-6.383999999999999631e+01 -6.678336172040681618e+01
-6.335999999999999943e+01 -6.674089480059367929e+01
-6.287999999999999545e+01 -6.662961512530907271e+01
-6.239999999999999858e+01 -6.659058270926200862e+01
-6.191999999999999460e+01 -6.652792552758525346e+01
-6.143999999999999773e+01 -6.635348372930495486e+01
-6.096000000000000085e+01 -6.622231754339095744e+01
-6.047999999999999687e+01 -6.619926250422746250e+01
-6.000000000000000000e+01 -6.618593338983322383e+01
-5.951999999999999602e+01 -6.606512871085121219e+01
-5.903999999999999915e+01 -6.579787678440023058e+01
-5.855999999999999517e+01 -6.569437216898806753e+01
-5.807999999999999829e+01 -6.564855799320991991e+01
-5.759999999999999432e+01 -6.559845534664606248e+01
-5.711999999999999744e+01 -6.524129006998747116e+01
-5.664000000000000057e+01 -6.487644192319483238e+01
-5.615999999999999659e+01 -6.459114219278363578e+01
-5.567999999999999972e+01 -6.482133411822297830e+01
-5.519999999999999574e+01 -6.473832792877513498e+01
-5.471999999999999886e+01 -6.459755524257762715e+01
-5.423999999999999488e+01 -6.470599253760069303e+01
-5.375999999999999801e+01 -6.456954382229982059e+01
-5.328000000000000114e+01 -6.433603635091411377e+01
-5.279999999999999716e+01 -6.422599261552618088e+01
-5.232000000000000028e+01 -6.414000723394988768e+01
-5.183999999999999631e+01 -6.410503637994439430e+01
-5.135999999999999943e+01 -6.433952050066525885e+01
-5.087999999999999545e+01 -6.418581012803689134e+01
-5.039999999999999858e+01 -6.385152414270044829e+01
-4.992000000000000171e+01 -6.369711796088192557e+01
-4.943999999999999773e+01 -6.363967247754784751e+01
-4.896000000000000085e+01 -6.371760806490229356e+01
-4.847999999999999687e+01 -6.366071824610460794e+01
-4.800000000000000000e+01 -6.327396591060795572e+01
-4.751999999999999602e+01 -6.292394792204238740e+01
-4.703999999999999915e+01 -6.287670934728411964e+01
-4.655999999999999517e+01 -6.293010033774510958e+01
-4.607999999999999829e+01 -6.284564683396830986e+01
-4.560000000000000142e+01 -6.267152639665304292e+01
-4.511999999999999744e+01 -6.279005229789288478e+01
-4.464000000000000057e+01 -6.266352857731337167e+01
-4.415999999999999659e+01 -6.263304445956822519e+01
-4.367999999999999972e+01 -6.251754925234604343e+01
-4.319999999999999574e+01 -6.208132204634534190e+01
-4.271999999999999886e+01 -6.185112087765651268e+01
-4.223999999999999488e+01 -6.171706387659333615e+01
-4.175999999999999801e+01 -6.151556555033440787e+01
-4.128000000000000114e+01 -6.128986550172137981e+01
-4.079999999999999716e+01 -6.115278139018268178e+01
-4.032000000000000028e+01 -6.091227286320502543e+01
-3.983999999999999631e+01 -6.031038988293960301e+01
-3.935999999999999943e+01 -6.012733632858277844e+01
-3.887999999999999545e+01 -6.018915129893648697e+01
-3.839999999999999858e+01 -6.008642840153098064e+01
-3.792000000000000171e+01 -5.979259447568179553e+01
-3.743999999999999773e+01 -5.946827939398723117e+01
-3.696000000000000085e+01 -5.930797306691690096e+01
-3.647999999999999687e+01 -5.947912008162305142e+01
-3.600000000000000000e+01 -5.976069315610780563e+01
-3.551999999999999602e+01 -5.970034294042580569e+01
-3.503999999999999915e+01 -5.974781516879306764e+01
-3.456000000000000227e+01 -5.935272866305808037e+01
-3.407999999999999829e+01 -5.872035413544917049e+01
-3.360000000000000142e+01 -5.842603242967108201e+01
-3.311999999999999744e+01 -5.826141517408100867e+01
-3.264000000000000057e+01 -5.786918858411987543e+01
-3.215999999999999659e+01 -5.737027510410118225e+01
-3.167999999999999972e+01 -5.697145271350614593e+01
-3.119999999999999929e+01 -5.632873357580179174e+01
-3.071999999999999886e+01 -5.535368316535483757e+01
-3.023999999999999844e+01 -5.466820007791576330e+01
-2.975999999999999801e+01 -5.409860334495889589e+01
-2.927999999999999758e+01 -5.353550147400936510e+01
-2.879999999999999716e+01 -5.341413234441522206e+01
-2.832000000000000028e+01 -5.341793525320510128e+01
-2.783999999999999986e+01 -5.299470629544553901e+01
-2.735999999999999943e+01 -5.244992965173666732e+01
-2.687999999999999901e+01 -5.206815117558175388e+01
-2.639999999999999858e+01 -5.192632984032805155e+01
-2.591999999999999815e+01 -5.144032991220815632e+01
-2.543999999999999773e+01 -5.078832612794813883e+01
-2.496000000000000085e+01 -5.028368737831429058e+01
-2.448000000000000043e+01 -4.990680659572029043e+01
-2.400000000000000000e+01 -4.931429200077517550e+01
-2.351999999999999957e+01 -4.877769979997901828e+01
-2.303999999999999915e+01 -4.824427261800153133e+01
-2.255999999999999872e+01 -4.755477218273716744e+01
-2.207999999999999829e+01 -4.687741470560655443e+01
-2.159999999999999787e+01 -4.620311468819879508e+01
-2.111999999999999744e+01 -4.495291509376422567e+01
-2.064000000000000057e+01 -4.420590718680529818e+01
-2.016000000000000014e+01 -4.375424953846842868e+01
-1.967999999999999972e+01 -4.335162608633139314e+01
-1.919999999999999929e+01 -4.325321687058711007e+01
-1.871999999999999886e+01 -4.310019440349986297e+01
-1.823999999999999844e+01 -4.274115507835682592e+01
-1.775999999999999801e+01 -4.228288751888161556e+01
-1.728000000000000114e+01 -4.228763612846817921e+01
-1.680000000000000071e+01 -4.240729687715862894e+01
-1.632000000000000028e+01 -4.235877617535348350e+01
-1.583999999999999986e+01 -4.218954926529101357e+01
-1.535999999999999943e+01 -4.200311715040650995e+01
-1.487999999999999901e+01 -4.188443479938108993e+01
-1.439999999999999858e+01 -4.159618657665902930e+01
-1.391999999999999993e+01 -4.120120743183790069e+01
-1.343999999999999950e+01 -4.106386518946381159e+01
-1.295999999999999908e+01 -4.057168838157249979e+01
-1.248000000000000043e+01 -3.994699522798046587e+01
-1.200000000000000000e+01 -3.968901627888637051e+01
-1.151999999999999957e+01 -3.931565720884794501e+01
-1.103999999999999915e+01 -3.879412651433073478e+01
-1.055999999999999872e+01 -3.836240762747194566e+01
-1.008000000000000007e+01 -3.389826909336602512e+01
-9.599999999999999645e+00 -2.706269314476157817e+01
-9.119999999999999218e+00 -2.463441630111439906e+01
-8.640000000000000568e+00 -2.447117735916889103e+01
-8.160000000000000142e+00 -2.441936604481991679e+01
-7.679999999999999716e+00 -2.425859182712712681e+01
-7.199999999999999289e+00 -2.415143683847346523e+01
-6.719999999999999751e+00 -2.429345467135094694e+01
-6.240000000000000213e+00 -2.430263027570897094e+01
-5.759999999999999787e+00 -2.418604889259561475e+01
-5.279999999999999361e+00 -2.421849623248238004e+01
-4.799999999999999822e+00 -2.413795589377678041e+01
-4.320000000000000284e+00 -2.425591885834649730e+01
-3.839999999999999858e+00 -2.431803551556251364e+01
-3.359999999999999876e+00 -2.437221249872698792e+01
-2.879999999999999893e+00 -2.444951050362917044e+01
-2.399999999999999911e+00 -2.429575385063408177e+01
-1.919999999999999929e+00 -2.429686065859428723e+01
-1.439999999999999947e+00 -2.435974940316182469e+01
-9.599999999999999645e-01 -2.425703644474597809e+01
-4.799999999999999822e-01 -2.430323268941494419e+01
0.000000000000000000e+00 -2.446763070545097563e+01
4.799999999999999822e-01 -2.439662698628715631e+01
9.599999999999999645e-01 -2.400961348497431658e+01
1.439999999999999947e+00 -2.430904639963872071e+01
1.919999999999999929e+00 -2.481535972199029061e+01
2.399999999999999911e+00 -2.464671017831463118e+01
2.879999999999999893e+00 -2.447172434896096149e+01
3.359999999999999876e+00 -2.437397236658509314e+01
3.839999999999999858e+00 -2.467973492640988198e+01
4.320000000000000284e+00 -2.504927379595599746e+01
4.799999999999999822e+00 -2.505956106815121132e+01
5.279999999999999361e+00 -2.509591358544412643e+01
5.759999999999999787e+00 -2.514168548994641483e+01
6.240000000000000213e+00 -2.517305329208712195e+01
6.719999999999999751e+00 -2.508661395250032911e+01
7.199999999999999289e+00 -2.500935566607079963e+01
7.679999999999999716e+00 -2.528521744512223535e+01
8.160000000000000142e+00 -2.524764502831306601e+01
8.640000000000000568e+00 -2.511671586917559296e+01
9.119999999999999218e+00 -2.538069743160401259e+01
9.599999999999999645e+00 -2.795599710654371250e+01
1.008000000000000007e+01 -3.451237385735467456e+01
1.055999999999999872e+01 -3.843520262443826141e+01
1.103999999999999915e+01 -3.896511150152385738e+01
1.151999999999999957e+01 -3.912648708890780824e+01
1.200000000000000000e+01 -3.945618450889834605e+01
1.248000000000000043e+01 -4.004963746460276042e+01
1.295999999999999908e+01 -4.039453809140651686e+01
1.343999999999999950e+01 -4.060985614648706132e+01
1.391999999999999993e+01 -4.086868777584632539e+01
1.439999999999999858e+01 -4.139198388846977394e+01
1.487999999999999901e+01 -4.199235961685328533e+01
1.535999999999999943e+01 -4.217144416006655661e+01
1.583999999999999986e+01 -4.236283371890095140e+01
1.632000000000000028e+01 -4.263328778734680213e+01
1.680000000000000071e+01 -4.300076245879146342e+01
1.728000000000000114e+01 -4.350473368341157254e+01
1.775999999999999801e+01 -4.420498465783516906e+01
1.823999999999999844e+01 -4.442411025451092854e+01
1.871999999999999886e+01 -4.458472401670203311e+01
1.919999999999999929e+01 -4.473855421313446357e+01
1.967999999999999972e+01 -4.512065336281941086e+01
2.016000000000000014e+01 -4.552820971389169813e+01
2.064000000000000057e+01 -4.624240017903710509e+01
2.111999999999999744e+01 -4.696031661639138832e+01
2.159999999999999787e+01 -4.720027259692854216e+01
2.207999999999999829e+01 -4.763533080613509441e+01
2.255999999999999872e+01 -4.838455102104131811e+01
2.303999999999999915e+01 -4.889721309902695623e+01
2.351999999999999957e+01 -4.970899805519480452e+01
2.400000000000000000e+01 -5.043235583323617277e+01
2.448000000000000043e+01 -5.104670214269496853e+01
2.496000000000000085e+01 -5.156417035464699694e+01
2.543999999999999773e+01 -5.234629665233745754e+01
2.591999999999999815e+01 -5.308484558389312724e+01
2.639999999999999858e+01 -5.385643246133621176e+01
2.687999999999999901e+01 -5.442726208382138964e+01
2.735999999999999943e+01 -5.478110743761143198e+01
2.783999999999999986e+01 -5.550559557830239754e+01
2.832000000000000028e+01 -5.613724583765176845e+01
2.879999999999999716e+01 -5.643752897460728235e+01
2.927999999999999758e+01 -5.674817143385069329e+01
2.975999999999999801e+01 -5.688727836680551775e+01
3.023999999999999844e+01 -5.743077321285851156e+01
3.071999999999999886e+01 -5.785909600002574393e+01
3.119999999999999929e+01 -5.844299487382410518e+01
3.167999999999999972e+01 -5.876023424764605352e+01
3.215999999999999659e+01 -5.923681799782922042e+01
3.264000000000000057e+01 -5.984566064329222712e+01
3.311999999999999744e+01 -6.012183623685779565e+01
3.360000000000000142e+01 -6.036769984041639958e+01
3.407999999999999829e+01 -6.087415790191565179e+01
3.456000000000000227e+01 -6.140438283542187747e+01
3.503999999999999915e+01 -6.177683299364213099e+01
3.551999999999999602e+01 -6.160893260457888232e+01
3.600000000000000000e+01 -6.203408349789076226e+01
3.647999999999999687e+01 -6.239786707954397826e+01
3.696000000000000085e+01 -6.275933325810719055e+01
3.743999999999999773e+01 -6.305942285361177824e+01
3.792000000000000171e+01 -6.321274908620562627e+01
3.839999999999999858e+01 -6.345956228110262032e+01
3.887999999999999545e+01 -6.340804076991632598e+01
3.935999999999999943e+01 -6.353977223590946721e+01
3.983999999999999631e+01 -6.369193616376401224e+01
4.032000000000000028e+01 -6.358606630723207331e+01
4.079999999999999716e+01 -6.374505165091236591e+01
4.128000000000000114e+01 -6.376080190637068057e+01
4.175999999999999801e+01 -6.377042175891724440e+01
4.223999999999999488e+01 -6.379124472953481018e+01
4.271999999999999886e+01 -6.395047887760846805e+01
4.319999999999999574e+01 -6.391909196572174778e+01
4.367999999999999972e+01 -6.397518573346026471e+01
4.415999999999999659e+01 -6.435925204488641782e+01
4.464000000000000057e+01 -6.440688776485352207e+01
4.511999999999999744e+01 -6.440336404923149871e+01
4.560000000000000142e+01 -6.480773218899621213e+01
4.607999999999999829e+01 -6.497534427045809480e+01
4.655999999999999517e+01 -6.561439573012071946e+01
4.703999999999999915e+01 -6.598187962743502055e+01
4.751999999999999602e+01 -6.595781851076837654e+01
4.800000000000000000e+01 -6.611293279346486429e+01
4.847999999999999687e+01 -6.637506807950182974e+01
4.896000000000000085e+01 -6.687285210793767476e+01
4.943999999999999773e+01 -6.690966697960669762e+01
4.992000000000000171e+01 -6.699574750041841753e+01
5.039999999999999858e+01 -6.689795950683286208e+01
5.087999999999999545e+01 -6.667013183980526492e+01
5.135999999999999943e+01 -6.665447084348680562e+01
5.183999999999999631e+01 -6.672127282210313126e+01
5.232000000000000028e+01 -6.651769344330863021e+01
5.279999999999999716e+01 -6.626612924710171626e+01
5.328000000000000114e+01 -6.636002872275344089e+01
5.375999999999999801e+01 -6.648070188141480230e+01
5.423999999999999488e+01 -6.645347739435506185e+01
5.471999999999999886e+01 -6.682898386965612758e+01
5.519999999999999574e+01 -6.691003865037488652e+01
5.567999999999999972e+01 -6.665590629213448892e+01
5.615999999999999659e+01 -6.705980729944701579e+01
5.664000000000000057e+01 -6.732757735495867735e+01
5.711999999999999744e+01 -6.735929913359539967e+01
5.759999999999999432e+01 -6.744540225381490473e+01
5.807999999999999829e+01 -6.767365836527181955e+01
5.855999999999999517e+01 -6.798358160749108947e+01
5.903999999999999915e+01 -6.814371949138718776e+01
5.951999999999999602e+01 -6.812721831410614470e+01
6.000000000000000000e+01 -6.806667094573596444e+01
6.047999999999999687e+01 -6.813872861299006445e+01
6.096000000000000085e+01 -6.831258794958615965e+01
6.143999999999999773e+01 -6.843109467039140270e+01
6.191999999999999460e+01 -6.838152778774978913e+01
6.239999999999999858e+01 -6.834381049770806271e+01
6.287999999999999545e+01 -6.845460628934128522e+01
6.335999999999999943e+01 -6.876559516774138103e+01
6.383999999999999631e+01 -6.878801336159246205e+01
6.431999999999999318e+01 -6.881419460721102155e+01
6.479999999999999716e+01 -6.903710933656709869e+01
6.528000000000000114e+01 -6.942860712329279238e+01
6.575999999999999091e+01 -6.951680353817990010e+01
6.623999999999999488e+01 -6.965253117709296760e+01
6.671999999999999886e+01 -6.995666594814392170e+01
6.720000000000000284e+01 -7.007406987978066581e+01
6.767999999999999261e+01 -7.018327165524493694e+01
6.815999999999999659e+01 -7.028744236310102167e+01
6.864000000000000057e+01 -7.027397671728576256e+01
6.912000000000000455e+01 -7.043133373845191159e+01
6.959999999999999432e+01 -7.037343911284709463e+01
7.007999999999999829e+01 -7.056731749255332886e+01
7.056000000000000227e+01 -7.058635210148169392e+01
7.103999999999999204e+01 -7.036390572308950198e+01
7.151999999999999602e+01 -7.039133104209854253e+01
7.200000000000000000e+01 -6.992934780937048345e+01
7.248000000000000398e+01 -6.989896757093170265e+01
7.295999999999999375e+01 -7.001696104493670703e+01
7.343999999999999773e+01 -7.008365551765723467e+01
7.392000000000000171e+01 -7.046379309730592411e+01
7.439999999999999147e+01 -7.072417478124272350e+01
7.487999999999999545e+01 -7.059671286425913195e+01
7.535999999999999943e+01 -7.067686993582933042e+01
7.584000000000000341e+01 -7.080565036629400311e+01
7.631999999999999318e+01 -7.126076116348107803e+01
7.679999999999999716e+01 -7.151256305903163479e+01
7.728000000000000114e+01 -7.152458829733282641e+01
7.775999999999999091e+01 -7.156442476721427681e+01
7.823999999999999488e+01 -7.159544191200083674e+01
7.871999999999999886e+01 -7.158343308867013377e+01
7.920000000000000284e+01 -7.170952198304311764e+01
7.967999999999999261e+01 -7.196678727870580872e+01
8.015999999999999659e+01 -7.209964531503564444e+01
8.064000000000000057e+01 -7.197513310610973747e+01
8.111999999999999034e+01 -7.212249002039477830e+01
8.159999999999999432e+01 -7.224939211383320981e+01
8.207999999999999829e+01 -7.211590446604145654e+01
8.256000000000000227e+01 -7.216680996471131948e+01
8.303999999999999204e+01 -7.206209554379108795e+01
8.351999999999999602e+01 -7.207901582763182091e+01
8.400000000000000000e+01 -7.205717051082453395e+01
8.447999999999998977e+01 -7.219937492169567861e+01
8.495999999999999375e+01 -7.259390921830460286e+01
8.543999999999999773e+01 -7.272094547465204073e+01
8.592000000000000171e+01 -7.254049339505590410e+01
8.639999999999999147e+01 -7.238980592527737201e+01
8.687999999999999545e+01 -7.246090651021161477e+01
8.735999999999999943e+01 -7.242981030804662623e+01
8.784000000000000341e+01 -7.261845548909181502e+01
8.831999999999999318e+01 -7.270087043343765743e+01
8.879999999999999716e+01 -7.258033548147574265e+01
8.928000000000000114e+01 -7.285884364531509050e+01
8.975999999999999091e+01 -7.270583763565207391e+01
9.023999999999999488e+01 -7.225823610431012867e+01
9.071999999999999886e+01 -7.244964919984840890e+01
9.120000000000000284e+01 -7.274106642504850129e+01
9.167999999999999261e+01 -7.283006172083250362e+01
9.215999999999999659e+01 -7.296121719540558104e+01
9.264000000000000057e+01 -7.310272163159675074e+01
9.311999999999999034e+01 -7.306511553206098597e+01
9.359999999999999432e+01 -7.327918535988834492e+01
9.407999999999999829e+01 -7.372560827706233511e+01
9.456000000000000227e+01 -7.358212072261252956e+01
9.503999999999999204e+01 -7.330419929464584072e+01
9.551999999999999602e+01 -7.341187689326899601e+01
9.600000000000000000e+01 -7.366113953591577967e+01
9.647999999999998977e+01 -7.388508266839080818e+01
9.695999999999999375e+01 -7.367158451467038560e+01
9.743999999999999773e+01 -7.347784952117788748e+01
9.792000000000000171e+01 -7.350955005745294102e+01
9.839999999999999147e+01 -7.350616283558261443e+01
9.887999999999999545e+01 -7.349404155696183238e+01
9.935999999999999943e+01 -7.356083903196039842e+01
9.984000000000000341e+01 -7.335327815040793098e+01
1.003199999999999932e+02 -7.341198762536798483e+01
1.007999999999999972e+02 -7.367524555782372886e+01
1.012800000000000011e+02 -7.387231820780944247e+01
1.017599999999999909e+02 -7.372334351996263990e+01
1.022399999999999949e+02 -7.397441162323455899e+01
1.027199999999999989e+02 -7.460124444729400750e+01
1.032000000000000028e+02 -7.493018809406544278e+01
1.036799999999999926e+02 -7.487751529478119039e+01
1.041599999999999966e+02 -7.519201988526117475e+01
1.046400000000000006e+02 -7.550281280968854958e+01
1.051199999999999903e+02 -7.594213407182245135e+01
1.055999999999999943e+02 -7.507212227449041109e+01
1.060799999999999983e+02 -7.409308336513248605e+01
1.065600000000000023e+02 -7.633262766324880033e+01
1.070399999999999920e+02 -7.806116856820493410e+01
1.075199999999999960e+02 -7.889389997340502703e+01
1.080000000000000000e+02 -7.975279070971564011e+01
1.084799999999999898e+02 -8.074555619852482380e+01
1.089599999999999937e+02 -8.153386436881321231e+01
1.094399999999999977e+02 -8.204981927097868777e+01
1.099200000000000017e+02 -8.271154818662800778e+01
1.103999999999999915e+02 -8.321352094302712032e+01
1.108799999999999955e+02 -8.365109927032659698e+01
1.113599999999999994e+02 -8.422071617321149972e+01
1.118399999999999892e+02 -8.422556825563589200e+01
1.123199999999999932e+02 -8.443473698495219537e+01
1.127999999999999972e+02 -8.460410691139834682e+01
1.132800000000000011e+02 -8.446671667454906185e+01
1.137599999999999909e+02 -8.418305155397982276e+01
1.142399999999999949e+02 -8.402646724086403651e+01
1.147199999999999989e+02 -8.384846615712567086e+01
1.151999999999999886e+02 -8.356831342336769808e+01
1.156799999999999926e+02 -8.360889589213991258e+01
1.161599999999999966e+02 -8.315463673278844681e+01
1.166400000000000006e+02 -8.325637639466718554e+01
1.171199999999999903e+02 -8.346814239831198279e+01
1.175999999999999943e+02 -8.305395503401010160e+01
1.180799999999999983e+02 -8.302080245092911071e+01
1.185600000000000023e+02 -8.302713338279600919e+01
1.190399999999999920e+02 -8.304791608657787094e+01
1.195199999999999960e+02 -8.296054276375147651e+01
1.200000000000000000e+02 -8.291985535361042992e+01
1.204799999999999898e+02 -8.273431934791540243e+01
1.209599999999999937e+02 -8.294004725789488930e+01
1.214399999999999977e+02 -8.263134833345287689e+01
1.219200000000000017e+02 -8.290403185267643948e+01
1.223999999999999915e+02 -8.298631776886942646e+01
