-1.228799999999999955e+02 -9.532160177246026933e+01
-1.223999999999999915e+02 -9.609576285638217996e+01
-1.219200000000000017e+02 -9.656516977714818495e+01
-1.214399999999999977e+02 -9.673883150966827316e+01
-1.209599999999999937e+02 -9.684792659027144168e+01
-1.204799999999999898e+02 -9.693315411781723867e+01
-1.200000000000000000e+02 -9.665708802456293824e+01
-1.195199999999999960e+02 -9.664981041330537437e+01
-1.190399999999999920e+02 -9.715065973981667469e+01
-1.185600000000000023e+02 -9.717777495665862375e+01
-1.180799999999999983e+02 -9.675770705350618073e+01
-1.175999999999999943e+02 -9.666713672414651626e+01
-1.171199999999999903e+02 -9.680608943583629866e+01
-1.166400000000000006e+02 -9.648425073718952660e+01
-1.161599999999999966e+02 -9.664329630527942072e+01
-1.156799999999999926e+02 -9.688850249834528938e+01
-1.151999999999999886e+02 -9.680469720296331104e+01
-1.147199999999999989e+02 -9.680744974442477258e+01
-1.142399999999999949e+02 -9.681763259468453953e+01
-1.137599999999999909e+02 -9.665661231646205920e+01
-1.132800000000000011e+02 -9.631068926589000512e+01
-1.127999999999999972e+02 -9.575311254241941583e+01
-1.123199999999999932e+02 -9.538460377854390515e+01
-1.118399999999999892e+02 -9.471507845546003068e+01
-1.113599999999999994e+02 -9.403163359754239536e+01
-1.108799999999999955e+02 -9.326672518774012133e+01
-1.103999999999999915e+02 -9.220927337656118539e+01
-1.099200000000000017e+02 -9.137748132932640033e+01
-1.094399999999999977e+02 -9.044469745934890170e+01
-1.089599999999999937e+02 -8.922182869763169322e+01
-1.084799999999999898e+02 -8.827170047546007936e+01
-1.080000000000000000e+02 -8.728599822359609561e+01
-1.075199999999999960e+02 -8.619614729562138677e+01
-1.070399999999999920e+02 -8.507630988336772759e+01
-1.065600000000000023e+02 -8.408767308051261580e+01
-1.060799999999999983e+02 -8.380530900267882544e+01
-1.055999999999999943e+02 -8.353974273990689881e+01
-1.051199999999999903e+02 -8.283118588653012182e+01
-1.046400000000000006e+02 -8.186549884496162122e+01
-1.041599999999999966e+02 -8.154266332906456682e+01
-1.036799999999999926e+02 -8.117093601452316420e+01
-1.032000000000000028e+02 -8.047837898437508386e+01
-1.027199999999999989e+02 -8.030833567862116240e+01
-1.022399999999999949e+02 -8.027087327679659268e+01
-1.017599999999999909e+02 -8.016467091008428270e+01
-1.012800000000000011e+02 -8.009132932043291930e+01
-1.007999999999999972e+02 -7.988644831615411590e+01
-1.003199999999999932e+02 -7.934708678803866633e+01
-9.984000000000000341e+01 -7.912725080406097788e+01
-9.935999999999999943e+01 -7.917213559601941597e+01
-9.887999999999999545e+01 -7.932910853639987181e+01
-9.839999999999999147e+01 -7.934882633715608335e+01
-9.792000000000000171e+01 -7.927619412002974286e+01
-9.743999999999999773e+01 -7.941671342354244700e+01
-9.695999999999999375e+01 -7.921266067510048003e+01
-9.647999999999998977e+01 -7.893459115753850597e+01
-9.600000000000000000e+01 -7.895670012843332586e+01
-9.551999999999999602e+01 -7.903365111574294133e+01
-9.503999999999999204e+01 -7.891853520931421428e+01
-9.456000000000000227e+01 -7.898295444864079684e+01
-9.407999999999999829e+01 -7.872431201908490550e+01
-9.359999999999999432e+01 -7.878195275698651301e+01
-9.311999999999999034e+01 -7.909353821660792505e+01
-9.264000000000000057e+01 -7.896252942971577227e+01
-9.215999999999999659e+01 -7.878410012387737993e+01
-9.167999999999999261e+01 -7.877445044157212806e+01
-9.120000000000000284e+01 -7.867342381874523483e+01
-9.071999999999999886e+01 -7.854754316136784098e+01
-9.023999999999999488e+01 -7.857867278656794952e+01
-8.975999999999999091e+01 -7.852845291908160164e+01
-8.928000000000000114e+01 -7.870662926842098273e+01
-8.879999999999999716e+01 -7.851791646185785112e+01
-8.831999999999999318e+01 -7.834100998393145687e+01
-8.784000000000000341e+01 -7.835108974924702352e+01
-8.735999999999999943e+01 -7.823286037599355325e+01
-8.687999999999999545e+01 -7.809136799381566618e+01
-8.639999999999999147e+01 -7.819430582850037581e+01
-8.592000000000000171e+01 -7.830232990827747130e+01
-8.543999999999999773e+01 -7.813681813425982625e+01
-8.495999999999999375e+01 -7.792795257050875080e+01
-8.447999999999998977e+01 -7.777710994826261981e+01
-8.400000000000000000e+01 -7.790984486426629019e+01
-8.351999999999999602e+01 -7.784769370048424264e+01
-8.303999999999999204e+01 -7.787355065780607788e+01
-8.256000000000000227e+01 -7.797459487266274891e+01
-8.207999999999999829e+01 -7.786082121295866898e+01
-8.159999999999999432e+01 -7.793641347698059008e+01
-8.111999999999999034e+01 -7.781010391660115033e+01
-8.064000000000000057e+01 -7.764660046751620825e+01
-8.015999999999999659e+01 -7.763308566635046759e+01
-7.967999999999999261e+01 -7.747221662716050616e+01
-7.920000000000000284e+01 -7.768518681328595221e+01
-7.871999999999999886e+01 -7.772240305765912183e+01
-7.823999999999999488e+01 -7.742244937379868475e+01
-7.775999999999999091e+01 -7.710907205935001230e+01
-7.728000000000000114e+01 -7.706392608841787251e+01
-7.679999999999999716e+01 -7.736974678701704988e+01
-7.631999999999999318e+01 -7.753726442387207385e+01
-7.584000000000000341e+01 -7.743571340550799675e+01
-7.535999999999999943e+01 -7.732394444925333232e+01
-7.487999999999999545e+01 -7.725242200662830783e+01
-7.439999999999999147e+01 -7.710543702837711066e+01
-7.392000000000000171e+01 -7.687373463145932817e+01
-7.343999999999999773e+01 -7.695923865515219120e+01
-7.295999999999999375e+01 -7.728373630313791409e+01
-7.248000000000000398e+01 -7.706668690298857882e+01
-7.200000000000000000e+01 -7.707726359359755008e+01
-7.151999999999999602e+01 -7.718186846736946904e+01
-7.103999999999999204e+01 -7.694674125611538784e+01
-7.056000000000000227e+01 -7.703592616529576276e+01
-7.007999999999999829e+01 -7.710291125791482614e+01
-6.959999999999999432e+01 -7.709590945872461987e+01
-6.912000000000000455e+01 -7.693941822318231516e+01
-6.864000000000000057e+01 -7.684402730974977658e+01
-6.815999999999999659e+01 -7.689541518474972293e+01
-6.767999999999999261e+01 -7.693235650562652950e+01
-6.720000000000000284e+01 -7.706365365263644662e+01
-6.671999999999999886e+01 -7.711748047610777235e+01
-6.623999999999999488e+01 -7.682401548679648329e+01
-6.575999999999999091e+01 -7.675690461334598069e+01
-6.528000000000000114e+01 -7.659019129766490153e+01
-6.479999999999999716e+01 -7.618728497991872928e+01
-6.431999999999999318e+01 -7.621967272519725611e+01
-6.383999999999999631e+01 -7.617383177260772698e+01
-6.335999999999999943e+01 -7.607621173536182368e+01
-6.287999999999999545e+01 -7.625753802102379098e+01
-6.239999999999999858e+01 -7.637050556802775247e+01
-6.191999999999999460e+01 -7.614144966717984175e+01
-6.143999999999999773e+01 -7.577357565185272392e+01
-6.096000000000000085e+01 -7.567065733115833837e+01
-6.047999999999999687e+01 -7.599981341053472761e+01
-6.000000000000000000e+01 -7.603334838686542696e+01
-5.951999999999999602e+01 -7.587228488205660426e+01
-5.903999999999999915e+01 -7.596307778158956125e+01
-5.855999999999999517e+01 -7.617764249106431862e+01
-5.807999999999999829e+01 -7.634678599887743644e+01
-5.759999999999999432e+01 -7.615583757342886884e+01
-5.711999999999999744e+01 -7.595712779018766980e+01
-5.664000000000000057e+01 -7.577060213542193878e+01
-5.615999999999999659e+01 -7.561379755125118152e+01
-5.567999999999999972e+01 -7.577256485356252824e+01
-5.519999999999999574e+01 -7.586384371355309497e+01
-5.471999999999999886e+01 -7.590799402715170174e+01
-5.423999999999999488e+01 -7.559748156221753845e+01
-5.375999999999999801e+01 -7.574208070379656021e+01
-5.328000000000000114e+01 -7.594251863479608744e+01
-5.279999999999999716e+01 -7.567786479512490416e+01
-5.232000000000000028e+01 -7.557126247482582926e+01
-5.183999999999999631e+01 -7.542283532240941213e+01
-5.135999999999999943e+01 -7.538879027255714504e+01
-5.087999999999999545e+01 -7.507366348637386011e+01
-5.039999999999999858e+01 -7.504613928057074190e+01
-4.992000000000000171e+01 -7.486961382530995479e+01
-4.943999999999999773e+01 -7.473625950526323436e+01
-4.896000000000000085e+01 -7.472691529945255695e+01
-4.847999999999999687e+01 -7.468130229101436157e+01
-4.800000000000000000e+01 -7.471904483814012110e+01
-4.751999999999999602e+01 -7.476359103886905189e+01
-4.703999999999999915e+01 -7.464085514593966764e+01
-4.655999999999999517e+01 -7.484715312830897460e+01
-4.607999999999999829e+01 -7.481082570331358284e+01
-4.560000000000000142e+01 -7.457936456169406370e+01
-4.511999999999999744e+01 -7.452915558314177247e+01
-4.464000000000000057e+01 -7.458811850467121474e+01
-4.415999999999999659e+01 -7.427284848273022533e+01
-4.367999999999999972e+01 -7.396748443226812242e+01
-4.319999999999999574e+01 -7.395444356426403942e+01
-4.271999999999999886e+01 -7.397411998280804823e+01
-4.223999999999999488e+01 -7.390791128837777535e+01
-4.175999999999999801e+01 -7.368775137052288926e+01
-4.128000000000000114e+01 -7.377866767625970112e+01
-4.079999999999999716e+01 -7.378620264337092749e+01
-4.032000000000000028e+01 -7.385382329026363379e+01
-3.983999999999999631e+01 -7.385034491579661164e+01
-3.935999999999999943e+01 -7.366317363303201660e+01
-3.887999999999999545e+01 -7.344853121568849019e+01
-3.839999999999999858e+01 -7.349157336158481257e+01
-3.792000000000000171e+01 -7.342011510558802456e+01
-3.743999999999999773e+01 -7.339230349037239876e+01
-3.696000000000000085e+01 -7.321253356008688229e+01
-3.647999999999999687e+01 -7.312702892635587659e+01
-3.600000000000000000e+01 -7.289417560163285259e+01
-3.551999999999999602e+01 -7.269807443376160450e+01
-3.503999999999999915e+01 -7.247607975628093868e+01
-3.456000000000000227e+01 -7.211437846964625464e+01
-3.407999999999999829e+01 -7.190045500616450624e+01
-3.360000000000000142e+01 -7.175553963222122889e+01
-3.311999999999999744e+01 -7.172266626221878028e+01
-3.264000000000000057e+01 -7.176726557649440963e+01
-3.215999999999999659e+01 -7.159819960361635083e+01
-3.167999999999999972e+01 -7.133334509939930967e+01
-3.119999999999999929e+01 -7.110583629576977671e+01
-3.071999999999999886e+01 -7.074081458495604124e+01
-3.023999999999999844e+01 -7.049674467568783598e+01
-2.975999999999999801e+01 -7.029499506961387567e+01
-2.927999999999999758e+01 -7.025239852909325577e+01
-2.879999999999999716e+01 -7.027417703129492565e+01
-2.832000000000000028e+01 -7.001408474257148384e+01
-2.783999999999999986e+01 -6.995916693415861687e+01
-2.735999999999999943e+01 -6.997518381241590646e+01
-2.687999999999999901e+01 -6.953150335075528687e+01
-2.639999999999999858e+01 -6.940343110591983589e+01
-2.591999999999999815e+01 -6.915155111634437901e+01
-2.543999999999999773e+01 -6.887543639846346366e+01
-2.496000000000000085e+01 -6.882313480790099902e+01
-2.448000000000000043e+01 -6.850963516903723871e+01
-2.400000000000000000e+01 -6.813883636345525474e+01
-2.351999999999999957e+01 -6.773443591098290995e+01
-2.303999999999999915e+01 -6.775684260799093295e+01
-2.255999999999999872e+01 -6.765787160416340384e+01
-2.207999999999999829e+01 -6.721957273828007828e+01
-2.159999999999999787e+01 -6.685285958571289200e+01
-2.111999999999999744e+01 -6.632700674738734392e+01
-2.064000000000000057e+01 -6.600228039104221978e+01
-2.016000000000000014e+01 -6.576354374114976054e+01
-1.967999999999999972e+01 -6.544077819853944789e+01
-1.919999999999999929e+01 -6.524622696382229492e+01
-1.871999999999999886e+01 -6.461915058128637668e+01
-1.823999999999999844e+01 -6.394906460876696741e+01
-1.775999999999999801e+01 -6.364193983641549579e+01
-1.728000000000000114e+01 -6.319924130817805974e+01
-1.680000000000000071e+01 -6.286396198027382809e+01
-1.632000000000000028e+01 -6.229612156584643401e+01
-1.583999999999999986e+01 -6.196476923204588161e+01
-1.535999999999999943e+01 -6.162574254159612508e+01
-1.487999999999999901e+01 -6.117710624391819607e+01
-1.439999999999999858e+01 -6.107839349672097029e+01
-1.391999999999999993e+01 -6.083249881383459723e+01
-1.343999999999999950e+01 -6.064632159314869142e+01
-1.295999999999999908e+01 -6.016655104851579239e+01
-1.248000000000000043e+01 -5.979473077724967567e+01
-1.200000000000000000e+01 -5.873194136802604248e+01
-1.151999999999999957e+01 -5.682964922773435035e+01
-1.103999999999999915e+01 -5.414661485457024526e+01
-1.055999999999999872e+01 -4.432968000529601227e+01
-1.008000000000000007e+01 -2.654186496775970028e+01
-9.599999999999999645e+00 -1.818271032919044217e+01
-9.119999999999999218e+00 -1.556703368000146526e+01
-8.640000000000000568e+00 -1.535190604936665260e+01
-8.160000000000000142e+00 -1.533739347168756950e+01
-7.679999999999999716e+00 -1.515653288628778839e+01
-7.199999999999999289e+00 -1.505485335630734411e+01
-6.719999999999999751e+00 -1.520357169752726989e+01
-6.240000000000000213e+00 -1.515226309999025567e+01
-5.759999999999999787e+00 -1.499023780564380104e+01
-5.279999999999999361e+00 -1.500413396006481115e+01
-4.799999999999999822e+00 -1.497299095983262873e+01
-4.320000000000000284e+00 -1.517558954279358829e+01
-3.839999999999999858e+00 -1.527098022364209129e+01
-3.359999999999999876e+00 -1.526345464831847920e+01
-2.879999999999999893e+00 -1.527002434880478710e+01
-2.399999999999999911e+00 -1.513654726772841386e+01
-1.919999999999999929e+00 -1.514244583735509586e+01
-1.439999999999999947e+00 -1.512616039841318027e+01
-9.599999999999999645e-01 -1.506008534937447862e+01
-4.799999999999999822e-01 -1.516151160931963204e+01
0.000000000000000000e+00 -1.521397658336953285e+01
4.799999999999999822e-01 -1.500028474260004252e+01
9.599999999999999645e-01 -1.461373636286132971e+01
1.439999999999999947e+00 -1.494763049795722054e+01
1.919999999999999929e+00 -1.529339201366775036e+01
2.399999999999999911e+00 -1.506967955969078332e+01
2.879999999999999893e+00 -1.490719598944558300e+01
3.359999999999999876e+00 -1.474651713138430154e+01
3.839999999999999858e+00 -1.498396213616281969e+01
4.320000000000000284e+00 -1.529113249582139034e+01
4.799999999999999822e+00 -1.523764985787765802e+01
5.279999999999999361e+00 -1.514749883540726927e+01
5.759999999999999787e+00 -1.515300988316514541e+01
6.240000000000000213e+00 -1.524793374515933486e+01
6.719999999999999751e+00 -1.520473430981406260e+01
7.199999999999999289e+00 -1.509857065393297049e+01
7.679999999999999716e+00 -1.531993302631766696e+01
8.160000000000000142e+00 -1.527740544160035085e+01
8.640000000000000568e+00 -1.519881036157943299e+01
9.119999999999999218e+00 -1.553349734821536643e+01
9.599999999999999645e+00 -1.826312029528295255e+01
1.008000000000000007e+01 -2.676737040521078725e+01
1.055999999999999872e+01 -4.453980880681535126e+01
1.103999999999999915e+01 -5.389873850612779904e+01
1.151999999999999957e+01 -5.718436298520703076e+01
1.200000000000000000e+01 -5.912409225713368244e+01
1.248000000000000043e+01 -6.030833030952786089e+01
1.295999999999999908e+01 -6.116260910646096249e+01
1.343999999999999950e+01 -6.157338189153286834e+01
1.391999999999999993e+01 -6.186548142684132756e+01
1.439999999999999858e+01 -6.226675662540849032e+01
1.487999999999999901e+01 -6.288982518162298874e+01
1.535999999999999943e+01 -6.341253932039664676e+01
1.583999999999999986e+01 -6.412513529705003634e+01
1.632000000000000028e+01 -6.428460822647500095e+01
1.680000000000000071e+01 -6.437942370654695878e+01
1.728000000000000114e+01 -6.495770032571863339e+01
1.775999999999999801e+01 -6.559748237574459040e+01
1.823999999999999844e+01 -6.599855917828767815e+01
1.871999999999999886e+01 -6.614643939908161485e+01
1.919999999999999929e+01 -6.656660249106568017e+01
1.967999999999999972e+01 -6.677016219729576108e+01
2.016000000000000014e+01 -6.701137894692044483e+01
2.064000000000000057e+01 -6.700108461445611852e+01
2.111999999999999744e+01 -6.735094756513090886e+01
2.159999999999999787e+01 -6.759945269660362044e+01
2.207999999999999829e+01 -6.785696324603988216e+01
2.255999999999999872e+01 -6.856901963389944399e+01
2.303999999999999915e+01 -6.896313010970665403e+01
2.351999999999999957e+01 -6.907384966347798638e+01
2.400000000000000000e+01 -6.946007056796788959e+01
2.448000000000000043e+01 -6.975322077462335812e+01
2.496000000000000085e+01 -7.010236747951898906e+01
2.543999999999999773e+01 -7.044327165212757791e+01
2.591999999999999815e+01 -7.044878999070257919e+01
2.639999999999999858e+01 -7.090249684287370258e+01
2.687999999999999901e+01 -7.097737746195484476e+01
2.735999999999999943e+01 -7.097978626815748271e+01
2.783999999999999986e+01 -7.148132273430489647e+01
2.832000000000000028e+01 -7.156437668803114605e+01
2.879999999999999716e+01 -7.172308464859807486e+01
2.927999999999999758e+01 -7.209304828816915744e+01
2.975999999999999801e+01 -7.230348347170712486e+01
3.023999999999999844e+01 -7.257270405439365391e+01
3.071999999999999886e+01 -7.286103704624146360e+01
3.119999999999999929e+01 -7.294550070044428480e+01
3.167999999999999972e+01 -7.295057898565990229e+01
3.215999999999999659e+01 -7.298760460945581485e+01
3.264000000000000057e+01 -7.322407161862186342e+01
3.311999999999999744e+01 -7.348999939236068712e+01
3.360000000000000142e+01 -7.347442727464331824e+01
3.407999999999999829e+01 -7.355918898765213498e+01
3.456000000000000227e+01 -7.378542609482531134e+01
3.503999999999999915e+01 -7.415716957565601319e+01
3.551999999999999602e+01 -7.427183965231125740e+01
3.600000000000000000e+01 -7.420937886453974386e+01
3.647999999999999687e+01 -7.440406559200687298e+01
3.696000000000000085e+01 -7.465840801428691975e+01
3.743999999999999773e+01 -7.494008373782219223e+01
3.792000000000000171e+01 -7.513791508880426306e+01
3.839999999999999858e+01 -7.519819240528504167e+01
3.887999999999999545e+01 -7.519647623091758248e+01
3.935999999999999943e+01 -7.521494049017418604e+01
3.983999999999999631e+01 -7.514416323364102368e+01
4.032000000000000028e+01 -7.523178509979911155e+01
4.079999999999999716e+01 -7.541174602368032254e+01
4.128000000000000114e+01 -7.535758463009725006e+01
4.175999999999999801e+01 -7.532787265918143760e+01
4.223999999999999488e+01 -7.552559199375414778e+01
4.271999999999999886e+01 -7.589396413040469724e+01
4.319999999999999574e+01 -7.593673927161225379e+01
4.367999999999999972e+01 -7.570793260982119932e+01
4.415999999999999659e+01 -7.572954639777350394e+01
4.464000000000000057e+01 -7.602911621946142873e+01
4.511999999999999744e+01 -7.624433593696910805e+01
4.560000000000000142e+01 -7.602587655836994429e+01
4.607999999999999829e+01 -7.582384360964518066e+01
4.655999999999999517e+01 -7.626950283801332375e+01
4.703999999999999915e+01 -7.634296641445902765e+01
4.751999999999999602e+01 -7.650006844031737785e+01
4.800000000000000000e+01 -7.670511124882536080e+01
4.847999999999999687e+01 -7.661367792243608221e+01
4.896000000000000085e+01 -7.676884323330988025e+01
4.943999999999999773e+01 -7.690282821973950433e+01
4.992000000000000171e+01 -7.672846325524983513e+01
5.039999999999999858e+01 -7.671270360664912857e+01
5.087999999999999545e+01 -7.669476728156456602e+01
5.135999999999999943e+01 -7.669015129717942614e+01
5.183999999999999631e+01 -7.667361161860793572e+01
5.232000000000000028e+01 -7.665242214880163374e+01
5.279999999999999716e+01 -7.691591230446577754e+01
5.328000000000000114e+01 -7.714865677465660099e+01
5.375999999999999801e+01 -7.715984577939006783e+01
5.423999999999999488e+01 -7.709004120936347704e+01
5.471999999999999886e+01 -7.695566690003036570e+01
5.519999999999999574e+01 -7.718707994536133299e+01
5.567999999999999972e+01 -7.741387429374911733e+01
5.615999999999999659e+01 -7.745360141272192323e+01
5.664000000000000057e+01 -7.757009686874509669e+01
5.711999999999999744e+01 -7.781144063545852418e+01
5.759999999999999432e+01 -7.761551622724775257e+01
5.807999999999999829e+01 -7.719242729836616945e+01
5.855999999999999517e+01 -7.737944964136073622e+01
5.903999999999999915e+01 -7.758353423411490724e+01
5.951999999999999602e+01 -7.747021748157652610e+01
6.000000000000000000e+01 -7.765163141524374169e+01
6.047999999999999687e+01 -7.786256061290180241e+01
6.096000000000000085e+01 -7.773192296500539555e+01
6.143999999999999773e+01 -7.772081560550326174e+01
6.191999999999999460e+01 -7.768160147340222466e+01
6.239999999999999858e+01 -7.753855741714852456e+01
6.287999999999999545e+01 -7.751175160015338861e+01
6.335999999999999943e+01 -7.785897457256683651e+01
6.383999999999999631e+01 -7.816096521819878262e+01
6.431999999999999318e+01 -7.794742816068433910e+01
6.479999999999999716e+01 -7.776955419597537400e+01
6.528000000000000114e+01 -7.771703067021023514e+01
6.575999999999999091e+01 -7.796694061382157770e+01
6.623999999999999488e+01 -7.787920854495638423e+01
6.671999999999999886e+01 -7.799974024032198372e+01
6.720000000000000284e+01 -7.832452459610479423e+01
6.767999999999999261e+01 -7.814086686112570135e+01
6.815999999999999659e+01 -7.800556693982674972e+01
6.864000000000000057e+01 -7.812853485640447104e+01
6.912000000000000455e+01 -7.812549597108018418e+01
6.959999999999999432e+01 -7.812266944585768158e+01
7.007999999999999829e+01 -7.831166844903160040e+01
7.056000000000000227e+01 -7.853389020737000692e+01
7.103999999999999204e+01 -7.855631525373271984e+01
7.151999999999999602e+01 -7.850660565225216203e+01
7.200000000000000000e+01 -7.827358136574301284e+01
7.248000000000000398e+01 -7.857121920507771051e+01
7.295999999999999375e+01 -7.872605932156419328e+01
7.343999999999999773e+01 -7.843930181212772368e+01
7.392000000000000171e+01 -7.842039106510064528e+01
7.439999999999999147e+01 -7.884138816639412539e+01
7.487999999999999545e+01 -7.885869867600938221e+01
7.535999999999999943e+01 -7.873247899688416851e+01
7.584000000000000341e+01 -7.868211118544344629e+01
7.631999999999999318e+01 -7.854129573560182109e+01
7.679999999999999716e+01 -7.865586449331107133e+01
7.728000000000000114e+01 -7.896461429997323478e+01
7.775999999999999091e+01 -7.899641578970106082e+01
7.823999999999999488e+01 -7.897783967648970815e+01
7.871999999999999886e+01 -7.878876571714614840e+01
7.920000000000000284e+01 -7.878121241367165339e+01
7.967999999999999261e+01 -7.897804404068956785e+01
8.015999999999999659e+01 -7.897874517001976358e+01
8.064000000000000057e+01 -7.890295418091908175e+01
8.111999999999999034e+01 -7.879248532358751334e+01
8.159999999999999432e+01 -7.896087698388122078e+01
8.207999999999999829e+01 -7.915210478508925007e+01
8.256000000000000227e+01 -7.919186169985563595e+01
8.303999999999999204e+01 -7.914413776338057005e+01
8.351999999999999602e+01 -7.919950027911565371e+01
8.400000000000000000e+01 -7.927782833978406529e+01
8.447999999999998977e+01 -7.923251565156631671e+01
8.495999999999999375e+01 -7.928423812331941178e+01
8.543999999999999773e+01 -7.912008110331814237e+01
8.592000000000000171e+01 -7.909410151156430402e+01
8.639999999999999147e+01 -7.950132281431235981e+01
8.687999999999999545e+01 -7.967661109940264907e+01
8.735999999999999943e+01 -7.963232915184842398e+01
8.784000000000000341e+01 -7.958664213890634187e+01
8.831999999999999318e+01 -7.930743699811432634e+01
8.879999999999999716e+01 -7.943084856918562764e+01
8.928000000000000114e+01 -7.981826308707681505e+01
8.975999999999999091e+01 -7.982497804005235764e+01
9.023999999999999488e+01 -7.953025774882488008e+01
9.071999999999999886e+01 -7.941882738895100147e+01
9.120000000000000284e+01 -7.935077315950179866e+01
9.167999999999999261e+01 -7.932987847157703243e+01
9.215999999999999659e+01 -7.975367690466173087e+01
9.264000000000000057e+01 -7.980944683872596102e+01
9.311999999999999034e+01 -7.937503510610648050e+01
9.359999999999999432e+01 -7.947371453848015221e+01
9.407999999999999829e+01 -7.948609530633586928e+01
9.456000000000000227e+01 -7.933837880057991754e+01
9.503999999999999204e+01 -7.984917609999047272e+01
9.551999999999999602e+01 -8.003873378254618842e+01
9.600000000000000000e+01 -7.992674582911675429e+01
9.647999999999998977e+01 -8.001063520376676763e+01
9.695999999999999375e+01 -7.982736732873496521e+01
9.743999999999999773e+01 -7.976588882851100948e+01
9.792000000000000171e+01 -7.997486060661266549e+01
9.839999999999999147e+01 -8.020977376024180217e+01
9.887999999999999545e+01 -8.012567969342774177e+01
9.935999999999999943e+01 -7.991590068307101546e+01
9.984000000000000341e+01 -7.986279121762746058e+01
1.003199999999999932e+02 -7.992088543600971207e+01
1.007999999999999972e+02 -8.000734826756728069e+01
1.012800000000000011e+02 -8.011824878555152907e+01
1.017599999999999909e+02 -8.051942667248627572e+01
1.022399999999999949e+02 -8.067277902593723127e+01
1.027199999999999989e+02 -8.080122988723202582e+01
1.032000000000000028e+02 -8.093414497660199913e+01
1.036799999999999926e+02 -8.143313767752655963e+01
1.041599999999999966e+02 -8.224020061214135069e+01
1.046400000000000006e+02 -8.258180527400898541e+01
1.051199999999999903e+02 -8.279985428617777643e+01
1.055999999999999943e+02 -8.295643721819276095e+01
1.060799999999999983e+02 -8.331903819645356180e+01
1.065600000000000023e+02 -8.425872579874784662e+01
1.070399999999999920e+02 -8.531803747605653143e+01
1.075199999999999960e+02 -8.623103989036421524e+01
1.080000000000000000e+02 -8.726953922078737946e+01
1.084799999999999898e+02 -8.824407211555694630e+01
1.089599999999999937e+02 -8.904387830186578867e+01
1.094399999999999977e+02 -9.011174845654478816e+01
1.099200000000000017e+02 -9.095748632154422353e+01
1.103999999999999915e+02 -9.171791900703480849e+01
1.108799999999999955e+02 -9.280683754356361703e+01
1.113599999999999994e+02 -9.367275234561063257e+01
1.118399999999999892e+02 -9.426505167078292402e+01
1.123199999999999932e+02 -9.524417455520375597e+01
1.127999999999999972e+02 -9.559692208044052109e+01
1.132800000000000011e+02 -9.560968382013635392e+01
1.137599999999999909e+02 -9.586746094163750342e+01
1.142399999999999949e+02 -9.612871255801486825e+01
1.147199999999999989e+02 -9.649016958995765947e+01
1.151999999999999886e+02 -9.678085315846786330e+01
1.156799999999999926e+02 -9.696941357849905785e+01
1.161599999999999966e+02 -9.704674333488981119e+01
1.166400000000000006e+02 -9.680142517904920396e+01
1.171199999999999903e+02 -9.666592926945001807e+01
1.175999999999999943e+02 -9.636773604568890050e+01
1.180799999999999983e+02 -9.648884550757266254e+01
1.185600000000000023e+02 -9.664642069194114526e+01
1.190399999999999920e+02 -9.642076718771357946e+01
1.195199999999999960e+02 -9.683025352475195291e+01
1.200000000000000000e+02 -9.685135083181835114e+01
1.204799999999999898e+02 -9.668691887733092472e+01
1.209599999999999937e+02 -9.703192402716180709e+01
1.214399999999999977e+02 -9.695392515548279277e+01
1.219200000000000017e+02 -9.709657233271730092e+01
1.223999999999999915e+02 -9.673402239273545433e+01
