-1.228799999999999955e+02 -9.543690174256433068e+01
-1.223999999999999915e+02 -9.632936730276003345e+01
-1.219200000000000017e+02 -9.681069720627674258e+01
-1.214399999999999977e+02 -9.696517150671459717e+01
-1.209599999999999937e+02 -9.697478262550004047e+01
-1.204799999999999898e+02 -9.703599376902192830e+01
-1.200000000000000000e+02 -9.675335265104635596e+01
-1.195199999999999960e+02 -9.677566806154280243e+01
-1.190399999999999920e+02 -9.729598295121051876e+01
-1.185600000000000023e+02 -9.731980097686374620e+01
-1.180799999999999983e+02 -9.689081617107446220e+01
-1.175999999999999943e+02 -9.678466387684494521e+01
-1.171199999999999903e+02 -9.705093223501629041e+01
-1.166400000000000006e+02 -9.686586239476716287e+01
-1.161599999999999966e+02 -9.703876958122793894e+01
-1.156799999999999926e+02 -9.719436652175892277e+01
-1.151999999999999886e+02 -9.719667506736838902e+01
-1.147199999999999989e+02 -9.711970808324988980e+01
-1.142399999999999949e+02 -9.703074933271477676e+01
-1.137599999999999909e+02 -9.683409960286533646e+01
-1.132800000000000011e+02 -9.648756855793851628e+01
-1.127999999999999972e+02 -9.593224788196417308e+01
-1.123199999999999932e+02 -9.550611544776205619e+01
-1.118399999999999892e+02 -9.442049221308121787e+01
-1.113599999999999994e+02 -9.331602063752140452e+01
-1.108799999999999955e+02 -9.221822491169714908e+01
-1.103999999999999915e+02 -9.061178037397353080e+01
-1.099200000000000017e+02 -8.898674570926246474e+01
-1.094399999999999977e+02 -8.789231408967701498e+01
-1.089599999999999937e+02 -8.660477849411444140e+01
-1.084799999999999898e+02 -8.554715180367693961e+01
-1.080000000000000000e+02 -8.439810677631606950e+01
-1.075199999999999960e+02 -8.312841594075541707e+01
-1.070399999999999920e+02 -8.212856830642994055e+01
-1.065600000000000023e+02 -8.113413245510128036e+01
-1.060799999999999983e+02 -8.057868429153465684e+01
-1.055999999999999943e+02 -7.984340524119713223e+01
-1.051199999999999903e+02 -7.921503101731552476e+01
-1.046400000000000006e+02 -7.854808091442571083e+01
-1.041599999999999966e+02 -7.800147471383836262e+01
-1.036799999999999926e+02 -7.735099754431497843e+01
-1.032000000000000028e+02 -7.650677720456803854e+01
-1.027199999999999989e+02 -7.601973198582692248e+01
-1.022399999999999949e+02 -7.584640155984918408e+01
-1.017599999999999909e+02 -7.579257358419080504e+01
-1.012800000000000011e+02 -7.570645782744395547e+01
-1.007999999999999972e+02 -7.570262385419526652e+01
-1.003199999999999932e+02 -7.531554074106060170e+01
-9.984000000000000341e+01 -7.497653047229104573e+01
-9.935999999999999943e+01 -7.488089545472517727e+01
-9.887999999999999545e+01 -7.505882044196964387e+01
-9.839999999999999147e+01 -7.501784910680791540e+01
-9.792000000000000171e+01 -7.481470499299246057e+01
-9.743999999999999773e+01 -7.456450923820975163e+01
-9.695999999999999375e+01 -7.455382169299143413e+01
-9.647999999999998977e+01 -7.424779897927446370e+01
-9.600000000000000000e+01 -7.398695799646199589e+01
-9.551999999999999602e+01 -7.388377196320971052e+01
-9.503999999999999204e+01 -7.374599182122042862e+01
-9.456000000000000227e+01 -7.375158614978748517e+01
-9.407999999999999829e+01 -7.368372488770813789e+01
-9.359999999999999432e+01 -7.348672967183549076e+01
-9.311999999999999034e+01 -7.332630932988153916e+01
-9.264000000000000057e+01 -7.312769770560646521e+01
-9.215999999999999659e+01 -7.301749944462596886e+01
-9.167999999999999261e+01 -7.280344932840338856e+01
-9.120000000000000284e+01 -7.224664721335146567e+01
-9.071999999999999886e+01 -7.201505194475460314e+01
-9.023999999999999488e+01 -7.216397137365747483e+01
-8.975999999999999091e+01 -7.217209405414851631e+01
-8.928000000000000114e+01 -7.217747230714188333e+01
-8.879999999999999716e+01 -7.214328024537351780e+01
-8.831999999999999318e+01 -7.188257455645090488e+01
-8.784000000000000341e+01 -7.150679457874986156e+01
-8.735999999999999943e+01 -7.141526905113303769e+01
-8.687999999999999545e+01 -7.135368660914055283e+01
-8.639999999999999147e+01 -7.106054598906926856e+01
-8.592000000000000171e+01 -7.077548014182363545e+01
-8.543999999999999773e+01 -7.069822222883361462e+01
-8.495999999999999375e+01 -7.058609905763310621e+01
-8.447999999999998977e+01 -7.017480675273324664e+01
-8.400000000000000000e+01 -7.008844410036412853e+01
-8.351999999999999602e+01 -7.015714168280103991e+01
-8.303999999999999204e+01 -7.003399323923571274e+01
-8.256000000000000227e+01 -6.979776912155297453e+01
-8.207999999999999829e+01 -6.977954286992999755e+01
-8.159999999999999432e+01 -6.968402416639817432e+01
-8.111999999999999034e+01 -6.963069227890305513e+01
-8.064000000000000057e+01 -6.936130069990421987e+01
-8.015999999999999659e+01 -6.963430496430967764e+01
-7.967999999999999261e+01 -6.927229592043268269e+01
-7.920000000000000284e+01 -6.899902743122497384e+01
-7.871999999999999886e+01 -6.914217914888500616e+01
-7.823999999999999488e+01 -6.895763309940235786e+01
-7.775999999999999091e+01 -6.900175965613027529e+01
-7.728000000000000114e+01 -6.902749458970370711e+01
-7.679999999999999716e+01 -6.860753692192338349e+01
-7.631999999999999318e+01 -6.849572063615718776e+01
-7.584000000000000341e+01 -6.834740700473635400e+01
-7.535999999999999943e+01 -6.840997868156459560e+01
-7.487999999999999545e+01 -6.845346012589801887e+01
-7.439999999999999147e+01 -6.823154874183342145e+01
-7.392000000000000171e+01 -6.810409835344148632e+01
-7.343999999999999773e+01 -6.821821867900884229e+01
-7.295999999999999375e+01 -6.804369210792570755e+01
-7.248000000000000398e+01 -6.782535580155420973e+01
-7.200000000000000000e+01 -6.776483756371524692e+01
-7.151999999999999602e+01 -6.780278226390723262e+01
-7.103999999999999204e+01 -6.789172397141700799e+01
-7.056000000000000227e+01 -6.771006376747233446e+01
-7.007999999999999829e+01 -6.752934898678660147e+01
-6.959999999999999432e+01 -6.724106563815642801e+01
-6.912000000000000455e+01 -6.707091699266254636e+01
-6.864000000000000057e+01 -6.704699601284738719e+01
-6.815999999999999659e+01 -6.688435001552009851e+01
-6.767999999999999261e+01 -6.685028133206763812e+01
-6.720000000000000284e+01 -6.688814514895450714e+01
-6.671999999999999886e+01 -6.662135264859806227e+01
-6.623999999999999488e+01 -6.648311364596949602e+01
-6.575999999999999091e+01 -6.651833884744399938e+01
-6.528000000000000114e+01 -6.640995878873114577e+01
-6.479999999999999716e+01 -6.616338742316541754e+01
-6.431999999999999318e+01 -6.607402755220519452e+01
-6.383999999999999631e+01 -6.574604706459999193e+01
-6.335999999999999943e+01 -6.548057518529078891e+01
-6.287999999999999545e+01 -6.541893159764522636e+01
-6.239999999999999858e+01 -6.548440052025428315e+01
-6.191999999999999460e+01 -6.546806595141261198e+01
-6.143999999999999773e+01 -6.521835100295911047e+01
-6.096000000000000085e+01 -6.504024466233809676e+01
-6.047999999999999687e+01 -6.504722342877357733e+01
-6.000000000000000000e+01 -6.506465345049875282e+01
-5.951999999999999602e+01 -6.500226767725123977e+01
-5.903999999999999915e+01 -6.496008010171861713e+01
-5.855999999999999517e+01 -6.463089572610948608e+01
-5.807999999999999829e+01 -6.419208416166858910e+01
-5.759999999999999432e+01 -6.413675175073615264e+01
-5.711999999999999744e+01 -6.391200020243939406e+01
-5.664000000000000057e+01 -6.368975042692025568e+01
-5.615999999999999659e+01 -6.357449858291068523e+01
-5.567999999999999972e+01 -6.337153499110086585e+01
-5.519999999999999574e+01 -6.328486844016878621e+01
-5.471999999999999886e+01 -6.327741977839949783e+01
-5.423999999999999488e+01 -6.298656981363821217e+01
-5.375999999999999801e+01 -6.228532993420843411e+01
-5.328000000000000114e+01 -6.213543406376444977e+01
-5.279999999999999716e+01 -6.206724713936998938e+01
-5.232000000000000028e+01 -6.213280304579971869e+01
-5.183999999999999631e+01 -6.196036851920642619e+01
-5.135999999999999943e+01 -6.175961367368832100e+01
-5.087999999999999545e+01 -6.151408439692455943e+01
-5.039999999999999858e+01 -6.112544733380989470e+01
-4.992000000000000171e+01 -6.083612354485995866e+01
-4.943999999999999773e+01 -6.033456001254280920e+01
-4.896000000000000085e+01 -6.008714996313989332e+01
-4.847999999999999687e+01 -5.996708485541236655e+01
-4.800000000000000000e+01 -5.997047548449926069e+01
-4.751999999999999602e+01 -5.970742211157486423e+01
-4.703999999999999915e+01 -5.938761592027047698e+01
-4.655999999999999517e+01 -5.920651892379148507e+01
-4.607999999999999829e+01 -5.909130826766304523e+01
-4.560000000000000142e+01 -5.894007037813393879e+01
-4.511999999999999744e+01 -5.853544175874039013e+01
-4.464000000000000057e+01 -5.816160276607472213e+01
-4.415999999999999659e+01 -5.767630408461193525e+01
-4.367999999999999972e+01 -5.720675553318247353e+01
-4.319999999999999574e+01 -5.711984369371044323e+01
-4.271999999999999886e+01 -5.704022460179432130e+01
-4.223999999999999488e+01 -5.655933705987445137e+01
-4.175999999999999801e+01 -5.584970409587831597e+01
-4.128000000000000114e+01 -5.556370336474464011e+01
-4.079999999999999716e+01 -5.557623323168267859e+01
-4.032000000000000028e+01 -5.554134426909855193e+01
-3.983999999999999631e+01 -5.550079410237042765e+01
-3.935999999999999943e+01 -5.488456104165882721e+01
-3.887999999999999545e+01 -5.410407510552678900e+01
-3.839999999999999858e+01 -5.374420335372303015e+01
-3.792000000000000171e+01 -5.357482663588422156e+01
-3.743999999999999773e+01 -5.316327654114346757e+01
-3.696000000000000085e+01 -5.281754265908845269e+01
-3.647999999999999687e+01 -5.281300888136799188e+01
-3.600000000000000000e+01 -5.250501347862000046e+01
-3.551999999999999602e+01 -5.178549129556066788e+01
-3.503999999999999915e+01 -5.132977400622952757e+01
-3.456000000000000227e+01 -5.118367754831189842e+01
-3.407999999999999829e+01 -5.090445492806446026e+01
-3.360000000000000142e+01 -5.058041870529059025e+01
-3.311999999999999744e+01 -5.041622204834786203e+01
-3.264000000000000057e+01 -5.032061804460683163e+01
-3.215999999999999659e+01 -4.988072459933761849e+01
-3.167999999999999972e+01 -4.951589782834683717e+01
-3.119999999999999929e+01 -4.920964940348959260e+01
-3.071999999999999886e+01 -4.870429695493858446e+01
-3.023999999999999844e+01 -4.828486548067927941e+01
-2.975999999999999801e+01 -4.793109338238997452e+01
-2.927999999999999758e+01 -4.756450883814292041e+01
-2.879999999999999716e+01 -4.712758641340911225e+01
-2.832000000000000028e+01 -4.681963401506190792e+01
-2.783999999999999986e+01 -4.660407861654712747e+01
-2.735999999999999943e+01 -4.600117354734921093e+01
-2.687999999999999901e+01 -4.513885403036859856e+01
-2.639999999999999858e+01 -4.449664233370775435e+01
-2.591999999999999815e+01 -4.370355651357555615e+01
-2.543999999999999773e+01 -4.309445951166636490e+01
-2.496000000000000085e+01 -4.270415691485130338e+01
-2.448000000000000043e+01 -4.233996642967369439e+01
-2.400000000000000000e+01 -4.171447736072725121e+01
-2.351999999999999957e+01 -4.122166055972066090e+01
-2.303999999999999915e+01 -4.095684851045201924e+01
-2.255999999999999872e+01 -4.053424437882905806e+01
-2.207999999999999829e+01 -3.992903311015250267e+01
-2.159999999999999787e+01 -3.945955620798941510e+01
-2.111999999999999744e+01 -3.864089496358080567e+01
-2.064000000000000057e+01 -3.818945315510543992e+01
-2.016000000000000014e+01 -3.784184852631923235e+01
-1.967999999999999972e+01 -3.743609145591871368e+01
-1.919999999999999929e+01 -3.728004492624217647e+01
-1.871999999999999886e+01 -3.714411414984488147e+01
-1.823999999999999844e+01 -3.665455108025197006e+01
-1.775999999999999801e+01 -3.600609108649805279e+01
-1.728000000000000114e+01 -3.587197867144921304e+01
-1.680000000000000071e+01 -3.584483838428489122e+01
-1.632000000000000028e+01 -3.551175857660537361e+01
-1.583999999999999986e+01 -3.514546729642649581e+01
-1.535999999999999943e+01 -3.480048627690543128e+01
-1.487999999999999901e+01 -3.464178843519454176e+01
-1.439999999999999858e+01 -3.431152691135449828e+01
-1.391999999999999993e+01 -3.383103460876897373e+01
-1.343999999999999950e+01 -3.376068830641920471e+01
-1.295999999999999908e+01 -3.349017856379910540e+01
-1.248000000000000043e+01 -3.297120205171793117e+01
-1.200000000000000000e+01 -3.287869936528403514e+01
-1.151999999999999957e+01 -3.276687468095695976e+01
-1.103999999999999915e+01 -3.248367826090188970e+01
-1.055999999999999872e+01 -3.213431640378190934e+01
-1.008000000000000007e+01 -2.545969545236029319e+01
-9.599999999999999645e+00 -1.791871752386922978e+01
-9.119999999999999218e+00 -1.534765591241647975e+01
-8.640000000000000568e+00 -1.515534090732723627e+01
-8.160000000000000142e+00 -1.517140549000081506e+01
-7.679999999999999716e+00 -1.501416139909744274e+01
-7.199999999999999289e+00 -1.493079228325550645e+01
-6.719999999999999751e+00 -1.510976187279104543e+01
-6.240000000000000213e+00 -1.508213405421822806e+01
-5.759999999999999787e+00 -1.492581948695120886e+01
-5.279999999999999361e+00 -1.493322478329925929e+01
-4.799999999999999822e+00 -1.491951282961108305e+01
-4.320000000000000284e+00 -1.507953930616688432e+01
-3.839999999999999858e+00 -1.519339154216267929e+01
-3.359999999999999876e+00 -1.522126580646824578e+01
-2.879999999999999893e+00 -1.522762380429923468e+01
-2.399999999999999911e+00 -1.515253665469852606e+01
-1.919999999999999929e+00 -1.526851780713622020e+01
-1.439999999999999947e+00 -1.521348959525098365e+01
-9.599999999999999645e-01 -1.512803291441766795e+01
-4.799999999999999822e-01 -1.526729357724149416e+01
0.000000000000000000e+00 -1.530201534668143637e+01
4.799999999999999822e-01 -1.505121853216776273e+01
9.599999999999999645e-01 -1.470267428308861035e+01
1.439999999999999947e+00 -1.509333534876283522e+01
1.919999999999999929e+00 -1.547495664670225146e+01
2.399999999999999911e+00 -1.525189541488617095e+01
2.879999999999999893e+00 -1.505846417268497994e+01
3.359999999999999876e+00 -1.490395102176225173e+01
3.839999999999999858e+00 -1.516012032241298613e+01
4.320000000000000284e+00 -1.549217866171444058e+01
4.799999999999999822e+00 -1.544960781828123864e+01
5.279999999999999361e+00 -1.528744693602789972e+01
5.759999999999999787e+00 -1.532873234478826241e+01
6.240000000000000213e+00 -1.546254078350234451e+01
6.719999999999999751e+00 -1.542090504815683616e+01
7.199999999999999289e+00 -1.530361457458989172e+01
7.679999999999999716e+00 -1.549109543279895007e+01
8.160000000000000142e+00 -1.548152586563516664e+01
8.640000000000000568e+00 -1.545774942132143792e+01
9.119999999999999218e+00 -1.583222480037545310e+01
9.599999999999999645e+00 -1.843949563082449572e+01
1.008000000000000007e+01 -2.607514135787920395e+01
1.055999999999999872e+01 -3.303404425310640136e+01
1.103999999999999915e+01 -3.364195472225689798e+01
1.151999999999999957e+01 -3.374306471642065475e+01
1.200000000000000000e+01 -3.404984407163535565e+01
1.248000000000000043e+01 -3.464943288460164439e+01
1.295999999999999908e+01 -3.480577199470965866e+01
1.343999999999999950e+01 -3.489669866077502292e+01
1.391999999999999993e+01 -3.485815761946678748e+01
1.439999999999999858e+01 -3.505934618953748583e+01
1.487999999999999901e+01 -3.567112692616776570e+01
1.535999999999999943e+01 -3.594501063266590535e+01
1.583999999999999986e+01 -3.620003623705613194e+01
1.632000000000000028e+01 -3.658110655700784974e+01
1.680000000000000071e+01 -3.670131649531545293e+01
1.728000000000000114e+01 -3.713619566561911967e+01
1.775999999999999801e+01 -3.793865352392857204e+01
1.823999999999999844e+01 -3.836031882451199948e+01
1.871999999999999886e+01 -3.864754714529263424e+01
1.919999999999999929e+01 -3.870563543929208805e+01
1.967999999999999972e+01 -3.894960412395503369e+01
2.016000000000000014e+01 -3.921521307673023671e+01
2.064000000000000057e+01 -3.974567619927561424e+01
2.111999999999999744e+01 -4.053134827800171536e+01
2.159999999999999787e+01 -4.067277094415854322e+01
2.207999999999999829e+01 -4.079292555149688582e+01
2.255999999999999872e+01 -4.131863137221817794e+01
2.303999999999999915e+01 -4.162103527358237898e+01
2.351999999999999957e+01 -4.218747949245803852e+01
2.400000000000000000e+01 -4.264891140636414946e+01
2.448000000000000043e+01 -4.317316097472881609e+01
2.496000000000000085e+01 -4.349301295763289943e+01
2.543999999999999773e+01 -4.399157021588859351e+01
2.591999999999999815e+01 -4.463786977542321210e+01
2.639999999999999858e+01 -4.525158084774410128e+01
2.687999999999999901e+01 -4.565700526499107781e+01
2.735999999999999943e+01 -4.628970096516528088e+01
2.783999999999999986e+01 -4.680565275242572909e+01
2.832000000000000028e+01 -4.722647336532953943e+01
2.879999999999999716e+01 -4.767812868178111785e+01
2.927999999999999758e+01 -4.770078569662285162e+01
2.975999999999999801e+01 -4.805873522036536372e+01
3.023999999999999844e+01 -4.838688326389519290e+01
3.071999999999999886e+01 -4.869822948218492087e+01
3.119999999999999929e+01 -4.895831292711662286e+01
3.167999999999999972e+01 -4.925567644603752626e+01
3.215999999999999659e+01 -4.964045994552704144e+01
3.264000000000000057e+01 -4.967720784054609595e+01
3.311999999999999744e+01 -4.989520939908612718e+01
3.360000000000000142e+01 -5.048317623223834971e+01
3.407999999999999829e+01 -5.077032880878499554e+01
3.456000000000000227e+01 -5.099492904847159025e+01
3.503999999999999915e+01 -5.115443473932629104e+01
3.551999999999999602e+01 -5.144996440309505914e+01
3.600000000000000000e+01 -5.180244857119624413e+01
3.647999999999999687e+01 -5.203563201495704504e+01
3.696000000000000085e+01 -5.249290892410687803e+01
3.743999999999999773e+01 -5.264575836903279793e+01
3.792000000000000171e+01 -5.297265477224888741e+01
3.839999999999999858e+01 -5.346665952531334653e+01
3.887999999999999545e+01 -5.370774026785434785e+01
3.935999999999999943e+01 -5.422530004420305971e+01
3.983999999999999631e+01 -5.450312230461140217e+01
4.032000000000000028e+01 -5.462834465128256056e+01
4.079999999999999716e+01 -5.490977224111723842e+01
4.128000000000000114e+01 -5.535794135898503043e+01
4.175999999999999801e+01 -5.549822249915433758e+01
4.223999999999999488e+01 -5.556227331568261718e+01
4.271999999999999886e+01 -5.595488471170884281e+01
4.319999999999999574e+01 -5.655328829451785566e+01
4.367999999999999972e+01 -5.707862298521597921e+01
4.415999999999999659e+01 -5.715876963622672946e+01
4.464000000000000057e+01 -5.738647241703814927e+01
4.511999999999999744e+01 -5.773402843352067748e+01
4.560000000000000142e+01 -5.835386671714410056e+01
4.607999999999999829e+01 -5.840555259822808409e+01
4.655999999999999517e+01 -5.876315887665430893e+01
4.703999999999999915e+01 -5.920232944428195765e+01
4.751999999999999602e+01 -5.955783423072916349e+01
4.800000000000000000e+01 -5.951450431097406124e+01
4.847999999999999687e+01 -5.968955035439287826e+01
4.896000000000000085e+01 -6.039859598706164689e+01
4.943999999999999773e+01 -6.055955061054427091e+01
4.992000000000000171e+01 -6.085017264926797509e+01
5.039999999999999858e+01 -6.106873957932707242e+01
5.087999999999999545e+01 -6.103865776005014965e+01
5.135999999999999943e+01 -6.114975505336762041e+01
5.183999999999999631e+01 -6.153431388440389327e+01
5.232000000000000028e+01 -6.194813219654076875e+01
5.279999999999999716e+01 -6.198697908687191216e+01
5.328000000000000114e+01 -6.219598919928201042e+01
5.375999999999999801e+01 -6.265904351855045462e+01
5.423999999999999488e+01 -6.296779450443438719e+01
5.471999999999999886e+01 -6.304667609340849310e+01
5.519999999999999574e+01 -6.329088540060463686e+01
5.567999999999999972e+01 -6.370168603669746688e+01
5.615999999999999659e+01 -6.402494220611862374e+01
5.664000000000000057e+01 -6.435799759824570287e+01
5.711999999999999744e+01 -6.477505211592438172e+01
5.759999999999999432e+01 -6.495768851594122850e+01
5.807999999999999829e+01 -6.510469848427847239e+01
5.855999999999999517e+01 -6.530961539438749242e+01
5.903999999999999915e+01 -6.558489519191995498e+01
5.951999999999999602e+01 -6.578912649829848647e+01
6.000000000000000000e+01 -6.593665301419434854e+01
6.047999999999999687e+01 -6.610294568821868211e+01
6.096000000000000085e+01 -6.627545040125363585e+01
6.143999999999999773e+01 -6.653605594822649039e+01
6.191999999999999460e+01 -6.658506319724064326e+01
6.239999999999999858e+01 -6.665297374240026329e+01
6.287999999999999545e+01 -6.696113768448591941e+01
6.335999999999999943e+01 -6.727367758341340220e+01
6.383999999999999631e+01 -6.746088662735316177e+01
6.431999999999999318e+01 -6.741476914899713790e+01
6.479999999999999716e+01 -6.769588805698400336e+01
6.528000000000000114e+01 -6.774502336453421947e+01
6.575999999999999091e+01 -6.795406611576397893e+01
6.623999999999999488e+01 -6.819121964623589349e+01
6.671999999999999886e+01 -6.825920512679189756e+01
6.720000000000000284e+01 -6.841053147702305637e+01
6.767999999999999261e+01 -6.855601574137232035e+01
6.815999999999999659e+01 -6.856857835790988531e+01
6.864000000000000057e+01 -6.874208400236159378e+01
6.912000000000000455e+01 -6.899179952474827360e+01
6.959999999999999432e+01 -6.916110297912405258e+01
7.007999999999999829e+01 -6.920010385678365594e+01
7.056000000000000227e+01 -6.964464025157583649e+01
7.103999999999999204e+01 -6.971927477577730770e+01
7.151999999999999602e+01 -6.964432235666585314e+01
7.200000000000000000e+01 -6.980811781249404646e+01
7.248000000000000398e+01 -6.994941164957501201e+01
7.295999999999999375e+01 -7.022762348329453630e+01
7.343999999999999773e+01 -7.024214758488542998e+01
7.392000000000000171e+01 -7.039334095262917401e+01
7.439999999999999147e+01 -7.086890229992881984e+01
7.487999999999999545e+01 -7.077390292340176359e+01
7.535999999999999943e+01 -7.064580418506314174e+01
7.584000000000000341e+01 -7.064280582469346825e+01
7.631999999999999318e+01 -7.086463089626506928e+01
7.679999999999999716e+01 -7.121159123636357435e+01
7.728000000000000114e+01 -7.140443178918958722e+01
7.775999999999999091e+01 -7.140003595183871710e+01
7.823999999999999488e+01 -7.160192385185271746e+01
7.871999999999999886e+01 -7.152216176038376716e+01
7.920000000000000284e+01 -7.163835481583441833e+01
7.967999999999999261e+01 -7.179711949813706440e+01
8.015999999999999659e+01 -7.201202995323632194e+01
8.064000000000000057e+01 -7.224868501238485408e+01
8.111999999999999034e+01 -7.222578181238007744e+01
8.159999999999999432e+01 -7.212475651714559888e+01
8.207999999999999829e+01 -7.231967678254068232e+01
8.256000000000000227e+01 -7.256704655970406748e+01
8.303999999999999204e+01 -7.286178085114053715e+01
8.351999999999999602e+01 -7.280379688430701890e+01
8.400000000000000000e+01 -7.269865150531218490e+01
8.447999999999998977e+01 -7.297185637381869583e+01
8.495999999999999375e+01 -7.311230748644165089e+01
8.543999999999999773e+01 -7.312383783331628706e+01
8.592000000000000171e+01 -7.316740082343778795e+01
8.639999999999999147e+01 -7.339666462508898803e+01
8.687999999999999545e+01 -7.367806542660720481e+01
8.735999999999999943e+01 -7.359602180392863602e+01
8.784000000000000341e+01 -7.355369394831616603e+01
8.831999999999999318e+01 -7.348968575075441834e+01
8.879999999999999716e+01 -7.356264803977512656e+01
8.928000000000000114e+01 -7.405557865389113203e+01
8.975999999999999091e+01 -7.427562491360725971e+01
9.023999999999999488e+01 -7.400774717645300882e+01
9.071999999999999886e+01 -7.402146498992178181e+01
9.120000000000000284e+01 -7.421023847133680817e+01
9.167999999999999261e+01 -7.431688397319088324e+01
9.215999999999999659e+01 -7.429751045437767232e+01
9.264000000000000057e+01 -7.421204904943260772e+01
9.311999999999999034e+01 -7.443927702575189187e+01
9.359999999999999432e+01 -7.494033965692688071e+01
9.407999999999999829e+01 -7.496286690352397386e+01
9.456000000000000227e+01 -7.476515873306250626e+01
9.503999999999999204e+01 -7.485998500796264921e+01
9.551999999999999602e+01 -7.499465541158230053e+01
9.600000000000000000e+01 -7.501969574760865100e+01
9.647999999999998977e+01 -7.540158260343930863e+01
9.695999999999999375e+01 -7.552131418070879931e+01
9.743999999999999773e+01 -7.560264990866531321e+01
9.792000000000000171e+01 -7.594755419160105703e+01
9.839999999999999147e+01 -7.587785430912597917e+01
9.887999999999999545e+01 -7.583207751174721523e+01
9.935999999999999943e+01 -7.569463479822275076e+01
9.984000000000000341e+01 -7.567832152363334330e+01
1.003199999999999932e+02 -7.582628485164833876e+01
1.007999999999999972e+02 -7.627971909472455536e+01
1.012800000000000011e+02 -7.639564386431740672e+01
1.017599999999999909e+02 -7.652657850327271660e+01
1.022399999999999949e+02 -7.688835553906707787e+01
1.027199999999999989e+02 -7.726470779136998601e+01
1.032000000000000028e+02 -7.755436650819706301e+01
1.036799999999999926e+02 -7.797323108610255815e+01
1.041599999999999966e+02 -7.863310506619707496e+01
1.046400000000000006e+02 -7.909042273434343429e+01
1.051199999999999903e+02 -7.946548818252875890e+01
1.055999999999999943e+02 -8.001943469382376861e+01
1.060799999999999983e+02 -8.075105859037391554e+01
1.065600000000000023e+02 -8.179333565410514950e+01
1.070399999999999920e+02 -8.275839377515134743e+01
1.075199999999999960e+02 -8.372872496145595278e+01
1.080000000000000000e+02 -8.495955931465233846e+01
1.084799999999999898e+02 -8.627059691350071091e+01
1.089599999999999937e+02 -8.725324379551821607e+01
1.094399999999999977e+02 -8.824314552218035601e+01
1.099200000000000017e+02 -8.927190097885377895e+01
1.103999999999999915e+02 -9.059561835609690661e+01
1.108799999999999955e+02 -9.228919923180136209e+01
1.113599999999999994e+02 -9.340777315511769530e+01
1.118399999999999892e+02 -9.442570774555890978e+01
1.123199999999999932e+02 -9.565809400280315344e+01
1.127999999999999972e+02 -9.606581865160789846e+01
1.132800000000000011e+02 -9.615770598172153427e+01
1.137599999999999909e+02 -9.640938191877076235e+01
1.142399999999999949e+02 -9.649457597148399657e+01
1.147199999999999989e+02 -9.676752334729721383e+01
1.151999999999999886e+02 -9.705828584638361178e+01
1.156799999999999926e+02 -9.717489526867153415e+01
1.161599999999999966e+02 -9.738992910446940243e+01
1.166400000000000006e+02 -9.720831686153542250e+01
1.171199999999999903e+02 -9.698910517124231490e+01
1.175999999999999943e+02 -9.690111377712750595e+01
1.180799999999999983e+02 -9.712895487082360546e+01
1.185600000000000023e+02 -9.716381862696481164e+01
1.190399999999999920e+02 -9.674593419820995166e+01
1.195199999999999960e+02 -9.702055874165998262e+01
1.200000000000000000e+02 -9.704569464193001238e+01
1.204799999999999898e+02 -9.684150010404196962e+01
1.209599999999999937e+02 -9.704276182598349010e+01
1.214399999999999977e+02 -9.702874730764264655e+01
1.219200000000000017e+02 -9.721619930142581723e+01
1.223999999999999915e+02 -9.667465470863113808e+01
