-1.228799999999999955e+02 -9.882556032203561358e+01
-1.223999999999999915e+02 -9.910476328111874977e+01
-1.219200000000000017e+02 -9.903188108830001113e+01
-1.214399999999999977e+02 -9.901343357060719086e+01
-1.209599999999999937e+02 -9.891776493626615263e+01
-1.204799999999999898e+02 -9.899723056257204234e+01
-1.200000000000000000e+02 -9.910001005955571429e+01
-1.195199999999999960e+02 -9.895253662780604031e+01
-1.190399999999999920e+02 -9.892951854416665469e+01
-1.185600000000000023e+02 -9.918726830301460495e+01
-1.180799999999999983e+02 -9.930899093222299712e+01
-1.175999999999999943e+02 -9.908017099197209632e+01
-1.171199999999999903e+02 -9.874977314028258490e+01
-1.166400000000000006e+02 -9.892419263063973744e+01
-1.161599999999999966e+02 -9.906291593883042879e+01
-1.156799999999999926e+02 -9.898560575282006369e+01
-1.151999999999999886e+02 -9.885458861414232956e+01
-1.147199999999999989e+02 -9.865065670835461731e+01
-1.142399999999999949e+02 -9.860034180449291341e+01
-1.137599999999999909e+02 -9.865925159489272289e+01
-1.132800000000000011e+02 -9.858343340341090766e+01
-1.127999999999999972e+02 -9.874994427885769710e+01
-1.123199999999999932e+02 -9.877721394974882685e+01
-1.118399999999999892e+02 -9.856568675665224077e+01
-1.113599999999999994e+02 -9.821884396861747746e+01
-1.108799999999999955e+02 -9.802976647820733547e+01
-1.103999999999999915e+02 -9.743780533338056671e+01
-1.099200000000000017e+02 -9.664823755519623205e+01
-1.094399999999999977e+02 -9.628984661132722067e+01
-1.089599999999999937e+02 -9.574423693226131604e+01
-1.084799999999999898e+02 -9.483214446738442405e+01
-1.080000000000000000e+02 -9.417891657817172302e+01
-1.075199999999999960e+02 -9.356694276695105827e+01
-1.070399999999999920e+02 -9.293332977410948104e+01
-1.065600000000000023e+02 -9.221916512473086414e+01
-1.060799999999999983e+02 -9.155867225870643722e+01
-1.055999999999999943e+02 -9.089638610106091221e+01
-1.051199999999999903e+02 -9.022027496286433745e+01
-1.046400000000000006e+02 -8.968274889549682882e+01
-1.041599999999999966e+02 -8.979485054544889522e+01
-1.036799999999999926e+02 -8.952024007708527620e+01
-1.032000000000000028e+02 -8.902299376988142399e+01
-1.027199999999999989e+02 -8.900242212665288832e+01
-1.022399999999999949e+02 -8.863859242920884185e+01
-1.017599999999999909e+02 -8.833388675836040704e+01
-1.012800000000000011e+02 -8.796358446328353864e+01
-1.007999999999999972e+02 -8.785781920546395440e+01
-1.003199999999999932e+02 -8.806142328785085738e+01
-9.984000000000000341e+01 -8.781835926179830665e+01
-9.935999999999999943e+01 -8.777303571157287365e+01
-9.887999999999999545e+01 -8.794179709278276391e+01
-9.839999999999999147e+01 -8.776423774234017117e+01
-9.792000000000000171e+01 -8.756721250601438555e+01
-9.743999999999999773e+01 -8.748344088266479446e+01
-9.695999999999999375e+01 -8.740665639155857036e+01
-9.647999999999998977e+01 -8.747634708517406921e+01
-9.600000000000000000e+01 -8.761606467651071739e+01
-9.551999999999999602e+01 -8.771944905901627010e+01
-9.503999999999999204e+01 -8.774674284387580769e+01
-9.456000000000000227e+01 -8.773069690282838451e+01
-9.407999999999999829e+01 -8.745851905311290864e+01
-9.359999999999999432e+01 -8.729403385056812681e+01
-9.311999999999999034e+01 -8.762259706569834350e+01
-9.264000000000000057e+01 -8.767480356117826545e+01
-9.215999999999999659e+01 -8.742684190355925011e+01
-9.167999999999999261e+01 -8.755545682348164860e+01
-9.120000000000000284e+01 -8.784112270609897166e+01
-9.071999999999999886e+01 -8.795701764401164269e+01
-9.023999999999999488e+01 -8.773643482647172220e+01
-8.975999999999999091e+01 -8.736729176211485992e+01
-8.928000000000000114e+01 -8.730764539853026918e+01
-8.879999999999999716e+01 -8.743040458590814978e+01
-8.831999999999999318e+01 -8.742556733965005833e+01
-8.784000000000000341e+01 -8.735783137038453106e+01
-8.735999999999999943e+01 -8.733370587706525612e+01
-8.687999999999999545e+01 -8.737869624441813698e+01
-8.639999999999999147e+01 -8.727219466214799581e+01
-8.592000000000000171e+01 -8.718061662437010284e+01
-8.543999999999999773e+01 -8.713853415440864580e+01
-8.495999999999999375e+01 -8.719842086697559580e+01
-8.447999999999998977e+01 -8.723755415807448799e+01
-8.400000000000000000e+01 -8.728041426531217439e+01
-8.351999999999999602e+01 -8.706718860626686762e+01
-8.303999999999999204e+01 -8.685138134003715038e+01
-8.256000000000000227e+01 -8.721649062906664085e+01
-8.207999999999999829e+01 -8.716969229325135871e+01
-8.159999999999999432e+01 -8.708828356265499337e+01
-8.111999999999999034e+01 -8.694204434627799571e+01
-8.064000000000000057e+01 -8.689929119573281469e+01
-8.015999999999999659e+01 -8.671128531874984446e+01
-7.967999999999999261e+01 -8.671868263669969679e+01
-7.920000000000000284e+01 -8.686445036948398979e+01
-7.871999999999999886e+01 -8.713418659416865353e+01
-7.823999999999999488e+01 -8.718610016604473856e+01
-7.775999999999999091e+01 -8.706496270967166140e+01
-7.728000000000000114e+01 -8.678878575215281899e+01
-7.679999999999999716e+01 -8.658030558112179165e+01
-7.631999999999999318e+01 -8.650315731932481356e+01
-7.584000000000000341e+01 -8.648811312285548070e+01
-7.535999999999999943e+01 -8.661913328913891519e+01
-7.487999999999999545e+01 -8.666735866076500372e+01
-7.439999999999999147e+01 -8.636829229987463918e+01
-7.392000000000000171e+01 -8.647720617623976125e+01
-7.343999999999999773e+01 -8.667011451083938312e+01
-7.295999999999999375e+01 -8.663173012865350131e+01
-7.248000000000000398e+01 -8.668184034367554602e+01
-7.200000000000000000e+01 -8.658176959738794665e+01
-7.151999999999999602e+01 -8.660797414006297856e+01
-7.103999999999999204e+01 -8.665097014400492981e+01
-7.056000000000000227e+01 -8.677218510854683586e+01
-7.007999999999999829e+01 -8.669858428760846891e+01
-6.959999999999999432e+01 -8.640399350034678605e+01
-6.912000000000000455e+01 -8.610070941257026789e+01
-6.864000000000000057e+01 -8.591887462223505167e+01
-6.815999999999999659e+01 -8.601624051525143955e+01
-6.767999999999999261e+01 -8.627694060881785276e+01
-6.720000000000000284e+01 -8.615223494491124256e+01
-6.671999999999999886e+01 -8.622297457648173236e+01
-6.623999999999999488e+01 -8.630613829088140676e+01
-6.575999999999999091e+01 -8.628563119940685056e+01
-6.528000000000000114e+01 -8.621138665410953195e+01
-6.479999999999999716e+01 -8.605068739315653659e+01
-6.431999999999999318e+01 -8.611181838653443776e+01
-6.383999999999999631e+01 -8.610148677501945258e+01
-6.335999999999999943e+01 -8.578710091610162181e+01
-6.287999999999999545e+01 -8.564929782327318719e+01
-6.239999999999999858e+01 -8.572925044193038957e+01
-6.191999999999999460e+01 -8.588883772742218525e+01
-6.143999999999999773e+01 -8.594246986089400764e+01
-6.096000000000000085e+01 -8.581007930067735856e+01
-6.047999999999999687e+01 -8.589968296002366799e+01
-6.000000000000000000e+01 -8.598747442153540987e+01
-5.951999999999999602e+01 -8.597431969758414994e+01
-5.903999999999999915e+01 -8.596773550733358604e+01
-5.855999999999999517e+01 -8.596500218463714305e+01
-5.807999999999999829e+01 -8.594040124834282324e+01
-5.759999999999999432e+01 -8.572899121924507426e+01
-5.711999999999999744e+01 -8.541285201769991886e+01
-5.664000000000000057e+01 -8.545889655345482083e+01
-5.615999999999999659e+01 -8.538340839035222984e+01
-5.567999999999999972e+01 -8.560537610397432218e+01
-5.519999999999999574e+01 -8.546058974792371998e+01
-5.471999999999999886e+01 -8.525761544813622095e+01
-5.423999999999999488e+01 -8.535011761550747167e+01
-5.375999999999999801e+01 -8.571636133191405804e+01
-5.328000000000000114e+01 -8.576357830792808556e+01
-5.279999999999999716e+01 -8.549515602199137732e+01
-5.232000000000000028e+01 -8.524740060459978963e+01
-5.183999999999999631e+01 -8.518110990784254000e+01
-5.135999999999999943e+01 -8.520483675425924730e+01
-5.087999999999999545e+01 -8.517548740785937866e+01
-5.039999999999999858e+01 -8.499673909537619920e+01
-4.992000000000000171e+01 -8.492271955193504596e+01
-4.943999999999999773e+01 -8.517191633551563257e+01
-4.896000000000000085e+01 -8.520380507585484509e+01
-4.847999999999999687e+01 -8.512549730393340042e+01
-4.800000000000000000e+01 -8.471031928263079180e+01
-4.751999999999999602e+01 -8.448250683080216561e+01
-4.703999999999999915e+01 -8.485200804848938105e+01
-4.655999999999999517e+01 -8.491268818972700672e+01
-4.607999999999999829e+01 -8.479835790274361784e+01
-4.560000000000000142e+01 -8.474746036175625363e+01
-4.511999999999999744e+01 -8.446567051934539450e+01
-4.464000000000000057e+01 -8.454771197821047224e+01
-4.415999999999999659e+01 -8.449855344400675961e+01
-4.367999999999999972e+01 -8.441534516466433047e+01
-4.319999999999999574e+01 -8.445067343092880208e+01
-4.271999999999999886e+01 -8.438567787707452794e+01
-4.223999999999999488e+01 -8.444233418935922941e+01
-4.175999999999999801e+01 -8.465447356490938091e+01
-4.128000000000000114e+01 -8.444722306131070866e+01
-4.079999999999999716e+01 -8.411451542951802196e+01
-4.032000000000000028e+01 -8.420245515447469131e+01
-3.983999999999999631e+01 -8.430273961610298272e+01
-3.935999999999999943e+01 -8.407971925326798157e+01
-3.887999999999999545e+01 -8.410421944640023639e+01
-3.839999999999999858e+01 -8.463879207717144482e+01
-3.792000000000000171e+01 -8.440785134312281457e+01
-3.743999999999999773e+01 -8.393202488168714126e+01
-3.696000000000000085e+01 -8.376355745178909729e+01
-3.647999999999999687e+01 -8.372490231871469746e+01
-3.600000000000000000e+01 -8.376584758938301434e+01
-3.551999999999999602e+01 -8.382465961170839819e+01
-3.503999999999999915e+01 -8.372070662289667098e+01
-3.456000000000000227e+01 -8.371442106331235777e+01
-3.407999999999999829e+01 -8.364921410558216053e+01
-3.360000000000000142e+01 -8.342019980532305112e+01
-3.311999999999999744e+01 -8.312624322223884121e+01
-3.264000000000000057e+01 -8.302726250564772670e+01
-3.215999999999999659e+01 -8.309856803773288902e+01
-3.167999999999999972e+01 -8.347887748456129486e+01
-3.119999999999999929e+01 -8.330320062798924141e+01
-3.071999999999999886e+01 -8.286393681749494533e+01
-3.023999999999999844e+01 -8.274918889089336460e+01
-2.975999999999999801e+01 -8.256328094258560668e+01
-2.927999999999999758e+01 -8.247088848692479246e+01
-2.879999999999999716e+01 -8.257473467094152397e+01
-2.832000000000000028e+01 -8.270061158176656591e+01
-2.783999999999999986e+01 -8.229099327200245284e+01
-2.735999999999999943e+01 -8.174703760118427454e+01
-2.687999999999999901e+01 -8.156540090154904021e+01
-2.639999999999999858e+01 -8.185074410054542682e+01
-2.591999999999999815e+01 -8.183450044162385950e+01
-2.543999999999999773e+01 -8.154509732539850120e+01
-2.496000000000000085e+01 -8.148486050011506165e+01
-2.448000000000000043e+01 -8.154375681684499000e+01
-2.400000000000000000e+01 -8.127428192552849850e+01
-2.351999999999999957e+01 -8.085522388459196463e+01
-2.303999999999999915e+01 -8.090950227819209317e+01
-2.255999999999999872e+01 -8.089543035024848905e+01
-2.207999999999999829e+01 -8.057635275306625999e+01
-2.159999999999999787e+01 -8.031759028196091776e+01
-2.111999999999999744e+01 -8.021832648051316994e+01
-2.064000000000000057e+01 -8.001556663682794124e+01
-2.016000000000000014e+01 -7.981521582624809241e+01
-1.967999999999999972e+01 -7.955410205575795146e+01
-1.919999999999999929e+01 -7.975907550131796597e+01
-1.871999999999999886e+01 -7.974681300966676645e+01
-1.823999999999999844e+01 -7.933476910924741787e+01
-1.775999999999999801e+01 -7.916622314518595260e+01
-1.728000000000000114e+01 -7.874648928026319084e+01
-1.680000000000000071e+01 -7.865179556761907520e+01
-1.632000000000000028e+01 -7.828757977548151814e+01
-1.583999999999999986e+01 -7.763298382200042624e+01
-1.535999999999999943e+01 -7.742421645508377992e+01
-1.487999999999999901e+01 -7.718514521105547033e+01
-1.439999999999999858e+01 -7.664493632869249495e+01
-1.391999999999999993e+01 -7.629765803042529626e+01
-1.343999999999999950e+01 -7.596996178277044010e+01
-1.295999999999999908e+01 -7.567664683419748428e+01
-1.248000000000000043e+01 -7.494089910061231308e+01
-1.200000000000000000e+01 -7.284736570857869253e+01
-1.151999999999999957e+01 -6.910200750447093299e+01
-1.103999999999999915e+01 -6.483999553535745974e+01
-1.055999999999999872e+01 -5.375928869097493390e+01
-1.008000000000000007e+01 -3.580218814022786233e+01
-9.599999999999999645e+00 -2.743786187408816346e+01
-9.119999999999999218e+00 -2.482166690917564722e+01
-8.640000000000000568e+00 -2.460556063854911102e+01
-8.160000000000000142e+00 -2.458836996491292126e+01
-7.679999999999999716e+00 -2.440339874341196236e+01
-7.199999999999999289e+00 -2.430004994168140087e+01
-6.719999999999999751e+00 -2.444837024640409950e+01
-6.240000000000000213e+00 -2.440237739600775058e+01
-5.759999999999999787e+00 -2.424676517761044536e+01
-5.279999999999999361e+00 -2.426590433663868041e+01
-4.799999999999999822e+00 -2.424057954676344906e+01
-4.320000000000000284e+00 -2.445385301621391250e+01
-3.839999999999999858e+00 -2.455727876929768172e+01
-3.359999999999999876e+00 -2.455561793011290206e+01
-2.879999999999999893e+00 -2.457337412278179301e+01
-2.399999999999999911e+00 -2.445282068440513257e+01
-1.919999999999999929e+00 -2.446283891020685530e+01
-1.439999999999999947e+00 -2.445768194638297643e+01
-9.599999999999999645e-01 -2.440208911083339061e+01
-4.799999999999999822e-01 -2.450417646790624815e+01
0.000000000000000000e+00 -2.456274342668244870e+01
4.799999999999999822e-01 -2.435144374688805868e+01
9.599999999999999645e-01 -2.396419740508491714e+01
1.439999999999999947e+00 -2.429750504153713564e+01
1.919999999999999929e+00 -2.464268757677630362e+01
2.399999999999999911e+00 -2.441694891156975800e+01
2.879999999999999893e+00 -2.424795407209226994e+01
3.359999999999999876e+00 -2.408119140058241214e+01
3.839999999999999858e+00 -2.431390774399136845e+01
4.320000000000000284e+00 -2.461357619509627526e+01
4.799999999999999822e+00 -2.455451058081967730e+01
5.279999999999999361e+00 -2.446060424866758254e+01
5.759999999999999787e+00 -2.446001978720424219e+01
6.240000000000000213e+00 -2.454879966276747538e+01
6.719999999999999751e+00 -2.449993236380378647e+01
7.199999999999999289e+00 -2.439074872300664865e+01
7.679999999999999716e+00 -2.460800273460245791e+01
8.160000000000000142e+00 -2.455993692855652810e+01
8.640000000000000568e+00 -2.447734295403355631e+01
9.119999999999999218e+00 -2.480799656373896411e+01
9.599999999999999645e+00 -2.753657782178110836e+01
1.008000000000000007e+01 -3.604680685576509092e+01
1.055999999999999872e+01 -5.393216139018476696e+01
1.103999999999999915e+01 -6.387833956678932168e+01
1.151999999999999957e+01 -6.828690449746197544e+01
1.200000000000000000e+01 -7.220150273774814309e+01
1.248000000000000043e+01 -7.508724513324783345e+01
1.295999999999999908e+01 -7.653181561875537398e+01
1.343999999999999950e+01 -7.719680077869517731e+01
1.391999999999999993e+01 -7.764806467213530539e+01
1.439999999999999858e+01 -7.790812162859973000e+01
1.487999999999999901e+01 -7.827885482521848814e+01
1.535999999999999943e+01 -7.861433673693736068e+01
1.583999999999999986e+01 -7.865400087371092752e+01
1.632000000000000028e+01 -7.897479111248871675e+01
1.680000000000000071e+01 -7.946186552840454453e+01
1.728000000000000114e+01 -7.982429818587014836e+01
1.775999999999999801e+01 -8.038586490217228686e+01
1.823999999999999844e+01 -8.053615273237315364e+01
1.871999999999999886e+01 -8.069942929804163612e+01
1.919999999999999929e+01 -8.077649063781382210e+01
1.967999999999999972e+01 -8.066066896122868002e+01
2.016000000000000014e+01 -8.083212654198801772e+01
2.064000000000000057e+01 -8.120624579950165867e+01
2.111999999999999744e+01 -8.161182588087312695e+01
2.159999999999999787e+01 -8.169276841224969132e+01
2.207999999999999829e+01 -8.167755766252135174e+01
2.255999999999999872e+01 -8.161856767545829427e+01
2.303999999999999915e+01 -8.165269564214605680e+01
2.351999999999999957e+01 -8.188364839513270965e+01
2.400000000000000000e+01 -8.178974829059478679e+01
2.448000000000000043e+01 -8.185539267357653159e+01
2.496000000000000085e+01 -8.204781196756690065e+01
2.543999999999999773e+01 -8.206657384274370770e+01
2.591999999999999815e+01 -8.245495324991384223e+01
2.639999999999999858e+01 -8.280969728890025294e+01
2.687999999999999901e+01 -8.277665295507885901e+01
2.735999999999999943e+01 -8.260827627225701519e+01
2.783999999999999986e+01 -8.266577200772802314e+01
2.832000000000000028e+01 -8.281068785142772981e+01
2.879999999999999716e+01 -8.269296767878421406e+01
2.927999999999999758e+01 -8.283741739405354565e+01
2.975999999999999801e+01 -8.300521510428433203e+01
3.023999999999999844e+01 -8.303231787719739998e+01
3.071999999999999886e+01 -8.303246575518473094e+01
3.119999999999999929e+01 -8.306129396136009291e+01
3.167999999999999972e+01 -8.307909924701061755e+01
3.215999999999999659e+01 -8.321803245446761821e+01
3.264000000000000057e+01 -8.320678022029335352e+01
3.311999999999999744e+01 -8.329078869910082972e+01
3.360000000000000142e+01 -8.342331140817898927e+01
3.407999999999999829e+01 -8.358371716587818412e+01
3.456000000000000227e+01 -8.364890540516856277e+01
3.503999999999999915e+01 -8.380741488906230074e+01
3.551999999999999602e+01 -8.348373521600083791e+01
3.600000000000000000e+01 -8.321828634157562021e+01
3.647999999999999687e+01 -8.331996055094268172e+01
3.696000000000000085e+01 -8.368487310926497003e+01
3.743999999999999773e+01 -8.409976061039884598e+01
3.792000000000000171e+01 -8.394700327273817209e+01
3.839999999999999858e+01 -8.352287203914858082e+01
3.887999999999999545e+01 -8.357931128668745657e+01
3.935999999999999943e+01 -8.389634812470450242e+01
3.983999999999999631e+01 -8.395593524239671979e+01
4.032000000000000028e+01 -8.404078931755867643e+01
4.079999999999999716e+01 -8.370740896009610310e+01
4.128000000000000114e+01 -8.360336049780221401e+01
4.175999999999999801e+01 -8.413337695166086405e+01
4.223999999999999488e+01 -8.421531388030624043e+01
4.271999999999999886e+01 -8.407962215343263779e+01
4.319999999999999574e+01 -8.411506425655551311e+01
4.367999999999999972e+01 -8.420536269269175023e+01
4.415999999999999659e+01 -8.422090466307022893e+01
4.464000000000000057e+01 -8.429391025076499488e+01
4.511999999999999744e+01 -8.433703992246675796e+01
4.560000000000000142e+01 -8.448851213242173230e+01
4.607999999999999829e+01 -8.440696743047128336e+01
4.655999999999999517e+01 -8.443204871253057320e+01
4.703999999999999915e+01 -8.443023495595878103e+01
4.751999999999999602e+01 -8.441512228630750769e+01
4.800000000000000000e+01 -8.433047922979298505e+01
4.847999999999999687e+01 -8.426879322874503941e+01
4.896000000000000085e+01 -8.452827910684852952e+01
4.943999999999999773e+01 -8.495080829774298081e+01
4.992000000000000171e+01 -8.463583546294914584e+01
5.039999999999999858e+01 -8.439102386011099100e+01
5.087999999999999545e+01 -8.432331880854545147e+01
5.135999999999999943e+01 -8.457601447140183382e+01
5.183999999999999631e+01 -8.466415131526083826e+01
5.232000000000000028e+01 -8.468043186336407757e+01
5.279999999999999716e+01 -8.456567345685114390e+01
5.328000000000000114e+01 -8.459374695327159088e+01
5.375999999999999801e+01 -8.456859361923910967e+01
5.423999999999999488e+01 -8.470786018587325827e+01
5.471999999999999886e+01 -8.473009972565125736e+01
5.519999999999999574e+01 -8.475423506658800932e+01
5.567999999999999972e+01 -8.472527707790487739e+01
5.615999999999999659e+01 -8.489476580759436786e+01
5.664000000000000057e+01 -8.508520858841743006e+01
5.711999999999999744e+01 -8.508415957547279618e+01
5.759999999999999432e+01 -8.484369123511321220e+01
5.807999999999999829e+01 -8.483094049806720705e+01
5.855999999999999517e+01 -8.498744589864813292e+01
5.903999999999999915e+01 -8.513154742181571066e+01
5.951999999999999602e+01 -8.520536631266230643e+01
6.000000000000000000e+01 -8.515473192088467158e+01
6.047999999999999687e+01 -8.513029489321451138e+01
6.096000000000000085e+01 -8.528395485383428820e+01
6.143999999999999773e+01 -8.528705539610088238e+01
6.191999999999999460e+01 -8.546492155839820271e+01
6.239999999999999858e+01 -8.539457635061074825e+01
6.287999999999999545e+01 -8.532068018046933844e+01
6.335999999999999943e+01 -8.549754475787480601e+01
6.383999999999999631e+01 -8.529391407802384606e+01
6.431999999999999318e+01 -8.554293391262561386e+01
6.479999999999999716e+01 -8.566604574013545914e+01
6.528000000000000114e+01 -8.553540397369694404e+01
6.575999999999999091e+01 -8.529846666714560399e+01
6.623999999999999488e+01 -8.528246222682145117e+01
6.671999999999999886e+01 -8.542918719976762532e+01
6.720000000000000284e+01 -8.554455899399346208e+01
6.767999999999999261e+01 -8.581673198713970407e+01
6.815999999999999659e+01 -8.590387026713725049e+01
6.864000000000000057e+01 -8.587544451897855424e+01
6.912000000000000455e+01 -8.585324063932661431e+01
6.959999999999999432e+01 -8.571869246186538760e+01
7.007999999999999829e+01 -8.588906164800648924e+01
7.056000000000000227e+01 -8.599156575046711737e+01
7.103999999999999204e+01 -8.590477985330556976e+01
7.151999999999999602e+01 -8.588054991791929638e+01
7.200000000000000000e+01 -8.562900329080086692e+01
7.248000000000000398e+01 -8.550935730960043202e+01
7.295999999999999375e+01 -8.555677241337733108e+01
7.343999999999999773e+01 -8.568254132449084182e+01
7.392000000000000171e+01 -8.573126209516871654e+01
7.439999999999999147e+01 -8.585507944225035715e+01
7.487999999999999545e+01 -8.582443807914100375e+01
7.535999999999999943e+01 -8.583065344178086775e+01
7.584000000000000341e+01 -8.593850308566599949e+01
7.631999999999999318e+01 -8.624692903664063692e+01
7.679999999999999716e+01 -8.635992520421437746e+01
7.728000000000000114e+01 -8.624628003265426912e+01
7.775999999999999091e+01 -8.609398742481347711e+01
7.823999999999999488e+01 -8.590902368030226910e+01
7.871999999999999886e+01 -8.597867081506714726e+01
7.920000000000000284e+01 -8.609979603314752694e+01
7.967999999999999261e+01 -8.609926200378247074e+01
8.015999999999999659e+01 -8.612746722191154447e+01
8.064000000000000057e+01 -8.624151197407407210e+01
8.111999999999999034e+01 -8.627790248757881386e+01
8.159999999999999432e+01 -8.628547821028749354e+01
8.207999999999999829e+01 -8.634388169251268152e+01
8.256000000000000227e+01 -8.628624441543684043e+01
8.303999999999999204e+01 -8.609200331635275916e+01
8.351999999999999602e+01 -8.623223619161555575e+01
8.400000000000000000e+01 -8.624296888177602227e+01
8.447999999999998977e+01 -8.648210592071376368e+01
8.495999999999999375e+01 -8.681964832126391229e+01
8.543999999999999773e+01 -8.677149510598121651e+01
8.592000000000000171e+01 -8.653067458434296100e+01
8.639999999999999147e+01 -8.627907882558362473e+01
8.687999999999999545e+01 -8.630800280773453892e+01
8.735999999999999943e+01 -8.634330227552068493e+01
8.784000000000000341e+01 -8.660081717876215635e+01
8.831999999999999318e+01 -8.655474574674096289e+01
8.879999999999999716e+01 -8.642072830181361098e+01
8.928000000000000114e+01 -8.667438978169185759e+01
8.975999999999999091e+01 -8.663378976497267558e+01
9.023999999999999488e+01 -8.631517778994719947e+01
9.071999999999999886e+01 -8.635337917887640913e+01
9.120000000000000284e+01 -8.650693459818491249e+01
9.167999999999999261e+01 -8.642913169668221940e+01
9.215999999999999659e+01 -8.658238310361849699e+01
9.264000000000000057e+01 -8.684532449799532117e+01
9.311999999999999034e+01 -8.675822596410556287e+01
9.359999999999999432e+01 -8.685053418341519205e+01
9.407999999999999829e+01 -8.712394577762707115e+01
9.456000000000000227e+01 -8.706429045100020403e+01
9.503999999999999204e+01 -8.679539895894438928e+01
9.551999999999999602e+01 -8.688208793238300132e+01
9.600000000000000000e+01 -8.691852829338982644e+01
9.647999999999998977e+01 -8.714433318328917721e+01
9.695999999999999375e+01 -8.703438866439464050e+01
9.743999999999999773e+01 -8.674978120513954138e+01
9.792000000000000171e+01 -8.675929714561370076e+01
9.839999999999999147e+01 -8.690710033864280604e+01
9.887999999999999545e+01 -8.698732638783246784e+01
9.935999999999999943e+01 -8.696725579123680916e+01
9.984000000000000341e+01 -8.678038827339598527e+01
1.003199999999999932e+02 -8.698191566588968726e+01
1.007999999999999972e+02 -8.737397806377978782e+01
1.012800000000000011e+02 -8.755789974498908634e+01
1.017599999999999909e+02 -8.726128720418763862e+01
1.022399999999999949e+02 -8.742451905962036562e+01
1.027199999999999989e+02 -8.796463512466985435e+01
1.032000000000000028e+02 -8.827961380265521996e+01
1.036799999999999926e+02 -8.809901685610660138e+01
1.041599999999999966e+02 -8.847760797553050338e+01
1.046400000000000006e+02 -8.888297639061475763e+01
1.051199999999999903e+02 -8.925492969870113313e+01
1.055999999999999943e+02 -8.807077858475823007e+01
1.060799999999999983e+02 -8.700794441681721025e+01
1.065600000000000023e+02 -8.940687427584174429e+01
1.070399999999999920e+02 -9.125906731285570572e+01
1.075199999999999960e+02 -9.200690630180254459e+01
1.080000000000000000e+02 -9.284922618178072184e+01
1.084799999999999898e+02 -9.384765885750111636e+01
1.089599999999999937e+02 -9.479087186572037638e+01
1.094399999999999977e+02 -9.539972810430771233e+01
1.099200000000000017e+02 -9.612930151175424953e+01
1.103999999999999915e+02 -9.684997968138908675e+01
1.108799999999999955e+02 -9.729923175336540453e+01
1.113599999999999994e+02 -9.799327481148117158e+01
1.118399999999999892e+02 -9.819174522605480604e+01
1.123199999999999932e+02 -9.865021152031371798e+01
1.127999999999999972e+02 -9.911601611288131153e+01
1.132800000000000011e+02 -9.914761610416277904e+01
1.137599999999999909e+02 -9.916596058354782883e+01
1.142399999999999949e+02 -9.904548586084708006e+01
1.147199999999999989e+02 -9.895161907936702050e+01
1.151999999999999886e+02 -9.900290682176978407e+01
1.156799999999999926e+02 -9.881025642695928468e+01
1.161599999999999966e+02 -9.870414683894681218e+01
1.166400000000000006e+02 -9.894313219061933751e+01
1.171199999999999903e+02 -9.922434650637958953e+01
1.175999999999999943e+02 -9.902026634840987640e+01
1.180799999999999983e+02 -9.883403547642693354e+01
1.185600000000000023e+02 -9.905257253935360495e+01
1.190399999999999920e+02 -9.904666506830226069e+01
1.195199999999999960e+02 -9.915058747443340792e+01
1.200000000000000000e+02 -9.886497351123065869e+01
1.204799999999999898e+02 -9.880647263622158505e+01
1.209599999999999937e+02 -9.886526862751478006e+01
1.214399999999999977e+02 -9.883540162723001288e+01
1.219200000000000017e+02 -9.872660569054993118e+01
1.223999999999999915e+02 -9.886055821864300697e+01
