-1.228799999999999955e+02 -9.448714311491403350e+01
-1.223999999999999915e+02 -9.556289781262947258e+01
-1.219200000000000017e+02 -9.587181376525279575e+01
-1.214399999999999977e+02 -9.592873364626169064e+01
-1.209599999999999937e+02 -9.590511894793857550e+01
-1.204799999999999898e+02 -9.574554357593989096e+01
-1.200000000000000000e+02 -9.545089970929174683e+01
-1.195199999999999960e+02 -9.515056306108064632e+01
-1.190399999999999920e+02 -9.579949570706696704e+01
-1.185600000000000023e+02 -9.534513032183119208e+01
-1.180799999999999983e+02 -9.529346134624861975e+01
-1.175999999999999943e+02 -9.497853837403241073e+01
-1.171199999999999903e+02 -9.488618722894557322e+01
-1.166400000000000006e+02 -9.461784806319714392e+01
-1.161599999999999966e+02 -9.423504254611191300e+01
-1.156799999999999926e+02 -9.440300236590788074e+01
-1.151999999999999886e+02 -9.449973195358577982e+01
-1.147199999999999989e+02 -9.438387565346181418e+01
-1.142399999999999949e+02 -9.467437686149744991e+01
-1.137599999999999909e+02 -9.466885677176412628e+01
-1.132800000000000011e+02 -9.465456034525684004e+01
-1.127999999999999972e+02 -9.428239760797214331e+01
-1.123199999999999932e+02 -9.413483647905354701e+01
-1.118399999999999892e+02 -9.357502782796844087e+01
-1.113599999999999994e+02 -9.270195214937891137e+01
-1.108799999999999955e+02 -9.189693900090432521e+01
-1.103999999999999915e+02 -9.108792288925606329e+01
-1.099200000000000017e+02 -9.023999604136699304e+01
-1.094399999999999977e+02 -8.925783989522005868e+01
-1.089599999999999937e+02 -8.806299038078839203e+01
-1.084799999999999898e+02 -8.701469740125031649e+01
-1.080000000000000000e+02 -8.613502728063917857e+01
-1.075199999999999960e+02 -8.507102504736729998e+01
-1.070399999999999920e+02 -8.410023170899222578e+01
-1.065600000000000023e+02 -8.308571625107830982e+01
-1.060799999999999983e+02 -8.288825305102614038e+01
-1.055999999999999943e+02 -8.262747266205637686e+01
-1.051199999999999903e+02 -8.185039578740999389e+01
-1.046400000000000006e+02 -8.084971466643688132e+01
-1.041599999999999966e+02 -8.053198893690451143e+01
-1.036799999999999926e+02 -8.005895870032765060e+01
-1.032000000000000028e+02 -7.939559533985463702e+01
-1.027199999999999989e+02 -7.927094915834243238e+01
-1.022399999999999949e+02 -7.920343412454514009e+01
-1.017599999999999909e+02 -7.912074535130720676e+01
-1.012800000000000011e+02 -7.911268275956230411e+01
-1.007999999999999972e+02 -7.898826959487634269e+01
-1.003199999999999932e+02 -7.847961396821159497e+01
-9.984000000000000341e+01 -7.827233383279693157e+01
-9.935999999999999943e+01 -7.829852871000389314e+01
-9.887999999999999545e+01 -7.842089642872697652e+01
-9.839999999999999147e+01 -7.842786707941321822e+01
-9.792000000000000171e+01 -7.840617547646081675e+01
-9.743999999999999773e+01 -7.852340186382264164e+01
-9.695999999999999375e+01 -7.828243757788314383e+01
-9.647999999999998977e+01 -7.797566469925912713e+01
-9.600000000000000000e+01 -7.800148794603573776e+01
-9.551999999999999602e+01 -7.816700609988254200e+01
-9.503999999999999204e+01 -7.809006465456494084e+01
-9.456000000000000227e+01 -7.794671183889215627e+01
-9.407999999999999829e+01 -7.746810941843611431e+01
-9.359999999999999432e+01 -7.753070591267085376e+01
-9.311999999999999034e+01 -7.789337580363353197e+01
-9.264000000000000057e+01 -7.775451391303887760e+01
-9.215999999999999659e+01 -7.770388413803235039e+01
-9.167999999999999261e+01 -7.761407943183382940e+01
-9.120000000000000284e+01 -7.742922820488499269e+01
-9.071999999999999886e+01 -7.739138191504606823e+01
-9.023999999999999488e+01 -7.740890141347981057e+01
-8.975999999999999091e+01 -7.744438577585259509e+01
-8.928000000000000114e+01 -7.770960623464394246e+01
-8.879999999999999716e+01 -7.752974507732946563e+01
-8.831999999999999318e+01 -7.734262206391900918e+01
-8.784000000000000341e+01 -7.738517088166341296e+01
-8.735999999999999943e+01 -7.719663677052619732e+01
-8.687999999999999545e+01 -7.705995927135266754e+01
-8.639999999999999147e+01 -7.718677496551580930e+01
-8.592000000000000171e+01 -7.727667656632493731e+01
-8.543999999999999773e+01 -7.707993717803040568e+01
-8.495999999999999375e+01 -7.687709169057828262e+01
-8.447999999999998977e+01 -7.674907954375493091e+01
-8.400000000000000000e+01 -7.686982686896938333e+01
-8.351999999999999602e+01 -7.678453933076443150e+01
-8.303999999999999204e+01 -7.671225589207938356e+01
-8.256000000000000227e+01 -7.681217784385017922e+01
-8.207999999999999829e+01 -7.663727272708177907e+01
-8.159999999999999432e+01 -7.663869209104180413e+01
-8.111999999999999034e+01 -7.665879151649400569e+01
-8.064000000000000057e+01 -7.655903864987158158e+01
-8.015999999999999659e+01 -7.655692654961968913e+01
-7.967999999999999261e+01 -7.627216228192358471e+01
-7.920000000000000284e+01 -7.646783820070444904e+01
-7.871999999999999886e+01 -7.655800201717765674e+01
-7.823999999999999488e+01 -7.631280381182925510e+01
-7.775999999999999091e+01 -7.597346668818941851e+01
-7.728000000000000114e+01 -7.590869746771252835e+01
-7.679999999999999716e+01 -7.613892819468804873e+01
-7.631999999999999318e+01 -7.611357034304933222e+01
-7.584000000000000341e+01 -7.592847738502528898e+01
-7.535999999999999943e+01 -7.584625255909224961e+01
-7.487999999999999545e+01 -7.575385016117839143e+01
-7.439999999999999147e+01 -7.551563848761938402e+01
-7.392000000000000171e+01 -7.536736026907644259e+01
-7.343999999999999773e+01 -7.542029201711341102e+01
-7.295999999999999375e+01 -7.582987345902677134e+01
-7.248000000000000398e+01 -7.581806669570694623e+01
-7.200000000000000000e+01 -7.577819165895019182e+01
-7.151999999999999602e+01 -7.575401987163570539e+01
-7.103999999999999204e+01 -7.562326035371481225e+01
-7.056000000000000227e+01 -7.560142380518803407e+01
-7.007999999999999829e+01 -7.557864101566170234e+01
-6.959999999999999432e+01 -7.560929107992765807e+01
-6.912000000000000455e+01 -7.566667368160476315e+01
-6.864000000000000057e+01 -7.560793398463329140e+01
-6.815999999999999659e+01 -7.537622915567855841e+01
-6.767999999999999261e+01 -7.513156824552744695e+01
-6.720000000000000284e+01 -7.514196034833814508e+01
-6.671999999999999886e+01 -7.511479114717769789e+01
-6.623999999999999488e+01 -7.517625828988558112e+01
-6.575999999999999091e+01 -7.521678802392318630e+01
-6.528000000000000114e+01 -7.500856644684719754e+01
-6.479999999999999716e+01 -7.477950957515733421e+01
-6.431999999999999318e+01 -7.471393837917595704e+01
-6.383999999999999631e+01 -7.456459784567536531e+01
-6.335999999999999943e+01 -7.438355851521562556e+01
-6.287999999999999545e+01 -7.449055144154036157e+01
-6.239999999999999858e+01 -7.453878589634186369e+01
-6.191999999999999460e+01 -7.426895851642134971e+01
-6.143999999999999773e+01 -7.401920542034770278e+01
-6.096000000000000085e+01 -7.402495593946983377e+01
-6.047999999999999687e+01 -7.418589305196557859e+01
-6.000000000000000000e+01 -7.417666346414607403e+01
-5.951999999999999602e+01 -7.402985434556521227e+01
-5.903999999999999915e+01 -7.411011607986847594e+01
-5.855999999999999517e+01 -7.412718800817673070e+01
-5.807999999999999829e+01 -7.400789496568945935e+01
-5.759999999999999432e+01 -7.388049308277730631e+01
-5.711999999999999744e+01 -7.372448764447051417e+01
-5.664000000000000057e+01 -7.375281131784809929e+01
-5.615999999999999659e+01 -7.366140239164396064e+01
-5.567999999999999972e+01 -7.354683683923983040e+01
-5.519999999999999574e+01 -7.352778175343813416e+01
-5.471999999999999886e+01 -7.361771089181330296e+01
-5.423999999999999488e+01 -7.349794286068731708e+01
-5.375999999999999801e+01 -7.358200020201687153e+01
-5.328000000000000114e+01 -7.359365075094993358e+01
-5.279999999999999716e+01 -7.337715319891248100e+01
-5.232000000000000028e+01 -7.332069326879465621e+01
-5.183999999999999631e+01 -7.332629632745155845e+01
-5.135999999999999943e+01 -7.348391542601757465e+01
-5.087999999999999545e+01 -7.315391742300333533e+01
-5.039999999999999858e+01 -7.277083313369443829e+01
-4.992000000000000171e+01 -7.234141074250258896e+01
-4.943999999999999773e+01 -7.214454556246050743e+01
-4.896000000000000085e+01 -7.245253721735765851e+01
-4.847999999999999687e+01 -7.231993714919289573e+01
-4.800000000000000000e+01 -7.217647774159803475e+01
-4.751999999999999602e+01 -7.222350309024874093e+01
-4.703999999999999915e+01 -7.207366534598868668e+01
-4.655999999999999517e+01 -7.212052527810516267e+01
-4.607999999999999829e+01 -7.206413793664225409e+01
-4.560000000000000142e+01 -7.206009239902374475e+01
-4.511999999999999744e+01 -7.211241678347739992e+01
-4.464000000000000057e+01 -7.194352268219461166e+01
-4.415999999999999659e+01 -7.161701953753033933e+01
-4.367999999999999972e+01 -7.160277400260834213e+01
-4.319999999999999574e+01 -7.144229190894029102e+01
-4.271999999999999886e+01 -7.125900078341557276e+01
-4.223999999999999488e+01 -7.124997068443080650e+01
-4.175999999999999801e+01 -7.110897149551787777e+01
-4.128000000000000114e+01 -7.079625666230734282e+01
-4.079999999999999716e+01 -7.065725813305404301e+01
-4.032000000000000028e+01 -7.107237721140711528e+01
-3.983999999999999631e+01 -7.119668557548867227e+01
-3.935999999999999943e+01 -7.112245947010805480e+01
-3.887999999999999545e+01 -7.065208457681508492e+01
-3.839999999999999858e+01 -7.028460400766203975e+01
-3.792000000000000171e+01 -7.004494813294731159e+01
-3.743999999999999773e+01 -7.010993935629730345e+01
-3.696000000000000085e+01 -6.971357154483426655e+01
-3.647999999999999687e+01 -6.940963585361932076e+01
-3.600000000000000000e+01 -6.923122520057641793e+01
-3.551999999999999602e+01 -6.896835966564675857e+01
-3.503999999999999915e+01 -6.867905949776924501e+01
-3.456000000000000227e+01 -6.842880637050608073e+01
-3.407999999999999829e+01 -6.811166149024872141e+01
-3.360000000000000142e+01 -6.791561570705077600e+01
-3.311999999999999744e+01 -6.764205068952811928e+01
-3.264000000000000057e+01 -6.713338505157148006e+01
-3.215999999999999659e+01 -6.695062773142811352e+01
-3.167999999999999972e+01 -6.673220781182152450e+01
-3.119999999999999929e+01 -6.666305231959333355e+01
-3.071999999999999886e+01 -6.650325235796682932e+01
-3.023999999999999844e+01 -6.629213838761558009e+01
-2.975999999999999801e+01 -6.616709826714821929e+01
-2.927999999999999758e+01 -6.602608339884008615e+01
-2.879999999999999716e+01 -6.571829012264758774e+01
-2.832000000000000028e+01 -6.534629306874028032e+01
-2.783999999999999986e+01 -6.552309085577930148e+01
-2.735999999999999943e+01 -6.551172689143366767e+01
-2.687999999999999901e+01 -6.487764621208673077e+01
-2.639999999999999858e+01 -6.443822560592539617e+01
-2.591999999999999815e+01 -6.404624332429744982e+01
-2.543999999999999773e+01 -6.365241686014690714e+01
-2.496000000000000085e+01 -6.314993002944731870e+01
-2.448000000000000043e+01 -6.251997892814661384e+01
-2.400000000000000000e+01 -6.191253230193400725e+01
-2.351999999999999957e+01 -6.142301018128539170e+01
-2.303999999999999915e+01 -6.092572619749714136e+01
-2.255999999999999872e+01 -6.033356246468238027e+01
-2.207999999999999829e+01 -5.973344002109854500e+01
-2.159999999999999787e+01 -5.925364307416663223e+01
-2.111999999999999744e+01 -5.857067427845545637e+01
-2.064000000000000057e+01 -5.793763915126877606e+01
-2.016000000000000014e+01 -5.738081804762050808e+01
-1.967999999999999972e+01 -5.701645072658169511e+01
-1.919999999999999929e+01 -5.672381566019174670e+01
-1.871999999999999886e+01 -5.645580021755428390e+01
-1.823999999999999844e+01 -5.592555180979447016e+01
-1.775999999999999801e+01 -5.539243674516260540e+01
-1.728000000000000114e+01 -5.526228682041913487e+01
-1.680000000000000071e+01 -5.533781660674482339e+01
-1.632000000000000028e+01 -5.521115246210152350e+01
-1.583999999999999986e+01 -5.476772520872995642e+01
-1.535999999999999943e+01 -5.464983130896796837e+01
-1.487999999999999901e+01 -5.448901485081116647e+01
-1.439999999999999858e+01 -5.406274081489787875e+01
-1.391999999999999993e+01 -5.378896795864368130e+01
-1.343999999999999950e+01 -5.378623842375361619e+01
-1.295999999999999908e+01 -5.356905918100044062e+01
-1.248000000000000043e+01 -5.330269394311319786e+01
-1.200000000000000000e+01 -5.296835424599181152e+01
-1.151999999999999957e+01 -5.210871666804941782e+01
-1.103999999999999915e+01 -5.105290378787888272e+01
-1.055999999999999872e+01 -4.394891089550047525e+01
-1.008000000000000007e+01 -2.655802986504755836e+01
-9.599999999999999645e+00 -1.820152295650779095e+01
-9.119999999999999218e+00 -1.558809928989631644e+01
-8.640000000000000568e+00 -1.537284820113246475e+01
-8.160000000000000142e+00 -1.535950445493794625e+01
-7.679999999999999716e+00 -1.518031527791340984e+01
-7.199999999999999289e+00 -1.507889191472558288e+01
-6.719999999999999751e+00 -1.522625472354802056e+01
-6.240000000000000213e+00 -1.517381891685256790e+01
-5.759999999999999787e+00 -1.501038722524636171e+01
-5.279999999999999361e+00 -1.502280362743559650e+01
-4.799999999999999822e+00 -1.498898060160245471e+01
-4.320000000000000284e+00 -1.519282647947008869e+01
-3.839999999999999858e+00 -1.528156540968700128e+01
-3.359999999999999876e+00 -1.526389798431712563e+01
-2.879999999999999893e+00 -1.526178353850116842e+01
-2.399999999999999911e+00 -1.511642661667530696e+01
-1.919999999999999929e+00 -1.510714487455630106e+01
-1.439999999999999947e+00 -1.509003127682990986e+01
-9.599999999999999645e-01 -1.502303086833556733e+01
-4.799999999999999822e-01 -1.511923525009100189e+01
0.000000000000000000e+00 -1.517089417516271510e+01
4.799999999999999822e-01 -1.496256020521293806e+01
9.599999999999999645e-01 -1.457470992823557587e+01
1.439999999999999947e+00 -1.490396000944991961e+01
1.919999999999999929e+00 -1.525219861292412915e+01
2.399999999999999911e+00 -1.503511399755590183e+01
2.879999999999999893e+00 -1.488149432267971051e+01
3.359999999999999876e+00 -1.472753649273376375e+01
3.839999999999999858e+00 -1.497143974716034975e+01
4.320000000000000284e+00 -1.528676005180360420e+01
4.799999999999999822e+00 -1.524120088760088265e+01
5.279999999999999361e+00 -1.516421618869064858e+01
5.759999999999999787e+00 -1.517207413742039890e+01
6.240000000000000213e+00 -1.526819183659925727e+01
6.719999999999999751e+00 -1.523188266027181648e+01
7.199999999999999289e+00 -1.513279521764927082e+01
7.679999999999999716e+00 -1.536029294058599248e+01
8.160000000000000142e+00 -1.531542426145652946e+01
8.640000000000000568e+00 -1.523037886602801549e+01
9.119999999999999218e+00 -1.556025792881339420e+01
9.599999999999999645e+00 -1.829392948708948197e+01
1.008000000000000007e+01 -2.679729825590233361e+01
1.055999999999999872e+01 -4.410668622892889346e+01
1.103999999999999915e+01 -5.109334999091906582e+01
1.151999999999999957e+01 -5.234145854474679993e+01
1.200000000000000000e+01 -5.301487520153386868e+01
1.248000000000000043e+01 -5.348421791895204080e+01
1.295999999999999908e+01 -5.346888656213914714e+01
1.343999999999999950e+01 -5.352316952393348259e+01
1.391999999999999993e+01 -5.342212241681033191e+01
1.439999999999999858e+01 -5.360218105127182753e+01
1.487999999999999901e+01 -5.412759150532150443e+01
1.535999999999999943e+01 -5.425819841709153479e+01
1.583999999999999986e+01 -5.425965704168702075e+01
1.632000000000000028e+01 -5.453743390164939342e+01
1.680000000000000071e+01 -5.462090728374968052e+01
1.728000000000000114e+01 -5.495713862912587899e+01
1.775999999999999801e+01 -5.570733151825974971e+01
1.823999999999999844e+01 -5.617243079248427762e+01
1.871999999999999886e+01 -5.649511620286720870e+01
1.919999999999999929e+01 -5.657155343817821347e+01
1.967999999999999972e+01 -5.692022029449972820e+01
2.016000000000000014e+01 -5.727389521334764311e+01
2.064000000000000057e+01 -5.792312426511415424e+01
2.111999999999999744e+01 -5.865558705568547282e+01
2.159999999999999787e+01 -5.884725562919039987e+01
2.207999999999999829e+01 -5.895124386608746647e+01
2.255999999999999872e+01 -5.945448526778953635e+01
2.303999999999999915e+01 -5.983711735548278909e+01
2.351999999999999957e+01 -6.030193972952429249e+01
2.400000000000000000e+01 -6.071510565738505250e+01
2.448000000000000043e+01 -6.121183309183991383e+01
2.496000000000000085e+01 -6.150630688297444237e+01
2.543999999999999773e+01 -6.197027647660516436e+01
2.591999999999999815e+01 -6.268120123979020519e+01
2.639999999999999858e+01 -6.335863658028165446e+01
2.687999999999999901e+01 -6.366541579644606941e+01
2.735999999999999943e+01 -6.411946319319267218e+01
2.783999999999999986e+01 -6.492582757379462066e+01
2.832000000000000028e+01 -6.530173211731423066e+01
2.879999999999999716e+01 -6.555522927439324121e+01
2.927999999999999758e+01 -6.571877453020672988e+01
2.975999999999999801e+01 -6.601531299646252648e+01
3.023999999999999844e+01 -6.655879333679126830e+01
3.071999999999999886e+01 -6.715459742996057457e+01
3.119999999999999929e+01 -6.752971122849454844e+01
3.167999999999999972e+01 -6.780457916570173893e+01
3.215999999999999659e+01 -6.799532507626349798e+01
3.264000000000000057e+01 -6.822556105521192649e+01
3.311999999999999744e+01 -6.823849102456037485e+01
3.360000000000000142e+01 -6.818914688794994561e+01
3.407999999999999829e+01 -6.839333656309776188e+01
3.456000000000000227e+01 -6.871858546260983758e+01
3.503999999999999915e+01 -6.887825938975248619e+01
3.551999999999999602e+01 -6.910641994633513718e+01
3.600000000000000000e+01 -6.962031252511430068e+01
3.647999999999999687e+01 -6.971385408798053618e+01
3.696000000000000085e+01 -7.002821402431821696e+01
3.743999999999999773e+01 -7.042617746121794653e+01
3.792000000000000171e+01 -7.090298768992246892e+01
3.839999999999999858e+01 -7.107298081079565577e+01
3.887999999999999545e+01 -7.121500552648322468e+01
3.935999999999999943e+01 -7.139704154696192973e+01
3.983999999999999631e+01 -7.141973126001370531e+01
4.032000000000000028e+01 -7.160081493343392367e+01
4.079999999999999716e+01 -7.186143249375359687e+01
4.128000000000000114e+01 -7.178842012413612395e+01
4.175999999999999801e+01 -7.180645909184163145e+01
4.223999999999999488e+01 -7.207094080250699619e+01
4.271999999999999886e+01 -7.208701803412583331e+01
4.319999999999999574e+01 -7.201677373432428908e+01
4.367999999999999972e+01 -7.207109326751258038e+01
4.415999999999999659e+01 -7.234957348842370095e+01
4.464000000000000057e+01 -7.249081632977011225e+01
4.511999999999999744e+01 -7.240172349734380930e+01
4.560000000000000142e+01 -7.248178898474948539e+01
4.607999999999999829e+01 -7.258914801498170277e+01
4.655999999999999517e+01 -7.315107516798144616e+01
4.703999999999999915e+01 -7.343018551985922215e+01
4.751999999999999602e+01 -7.357184176976686274e+01
4.800000000000000000e+01 -7.345338936256737838e+01
4.847999999999999687e+01 -7.351154704148554231e+01
4.896000000000000085e+01 -7.393662414111567216e+01
4.943999999999999773e+01 -7.397937975844703828e+01
4.992000000000000171e+01 -7.395927718140833917e+01
5.039999999999999858e+01 -7.406223705968231741e+01
5.087999999999999545e+01 -7.418031264002748060e+01
5.135999999999999943e+01 -7.436239152163422261e+01
5.183999999999999631e+01 -7.449731387662917825e+01
5.232000000000000028e+01 -7.434030065629299600e+01
5.279999999999999716e+01 -7.441448904046660573e+01
5.328000000000000114e+01 -7.457476472556930958e+01
5.375999999999999801e+01 -7.462037194841217058e+01
5.423999999999999488e+01 -7.450823010292826609e+01
5.471999999999999886e+01 -7.443977046304330258e+01
5.519999999999999574e+01 -7.465260787949121379e+01
5.567999999999999972e+01 -7.485132347079557746e+01
5.615999999999999659e+01 -7.516007134200606288e+01
5.664000000000000057e+01 -7.541436934914233348e+01
5.711999999999999744e+01 -7.546946230942893408e+01
5.759999999999999432e+01 -7.522723122157016462e+01
5.807999999999999829e+01 -7.489375478948534237e+01
5.855999999999999517e+01 -7.505383244254920783e+01
5.903999999999999915e+01 -7.539267367481858173e+01
5.951999999999999602e+01 -7.516944935909631909e+01
6.000000000000000000e+01 -7.526659632974269698e+01
6.047999999999999687e+01 -7.561371494837190710e+01
6.096000000000000085e+01 -7.544702973962070303e+01
6.143999999999999773e+01 -7.536666697788288616e+01
6.191999999999999460e+01 -7.539572106445417887e+01
6.239999999999999858e+01 -7.538172956684331893e+01
6.287999999999999545e+01 -7.549255891719619171e+01
6.335999999999999943e+01 -7.578442811082760500e+01
6.383999999999999631e+01 -7.595094604855434284e+01
6.431999999999999318e+01 -7.583453206449480888e+01
6.479999999999999716e+01 -7.575779416616165918e+01
6.528000000000000114e+01 -7.587593972027231359e+01
6.575999999999999091e+01 -7.607646403529697920e+01
6.623999999999999488e+01 -7.605154711503905673e+01
6.671999999999999886e+01 -7.617872174809005514e+01
6.720000000000000284e+01 -7.647988320706600973e+01
6.767999999999999261e+01 -7.639142960660963411e+01
6.815999999999999659e+01 -7.638563938750431248e+01
6.864000000000000057e+01 -7.654616974366874160e+01
6.912000000000000455e+01 -7.646086913503953042e+01
6.959999999999999432e+01 -7.634170643989941141e+01
7.007999999999999829e+01 -7.649756362635692142e+01
7.056000000000000227e+01 -7.682206460204787390e+01
7.103999999999999204e+01 -7.692919655585227190e+01
7.151999999999999602e+01 -7.672177297838628363e+01
7.200000000000000000e+01 -7.653632968268973968e+01
7.248000000000000398e+01 -7.679323405833032723e+01
7.295999999999999375e+01 -7.697530638134713854e+01
7.343999999999999773e+01 -7.689439092897073635e+01
7.392000000000000171e+01 -7.695875514801288375e+01
7.439999999999999147e+01 -7.736314895870542330e+01
7.487999999999999545e+01 -7.741583433657913815e+01
7.535999999999999943e+01 -7.743676440159165963e+01
7.584000000000000341e+01 -7.737916071058663192e+01
7.631999999999999318e+01 -7.738356527663752615e+01
7.679999999999999716e+01 -7.755274810637561700e+01
7.728000000000000114e+01 -7.777273586458443333e+01
7.775999999999999091e+01 -7.774588308037978379e+01
7.823999999999999488e+01 -7.766743078715337845e+01
7.871999999999999886e+01 -7.759240978369120967e+01
7.920000000000000284e+01 -7.759944772768072596e+01
7.967999999999999261e+01 -7.772581285355228431e+01
8.015999999999999659e+01 -7.775009625975619088e+01
8.064000000000000057e+01 -7.773855248387752681e+01
8.111999999999999034e+01 -7.759531923056019309e+01
8.159999999999999432e+01 -7.759882034496108361e+01
8.207999999999999829e+01 -7.778045378383757225e+01
8.256000000000000227e+01 -7.791277009218873673e+01
8.303999999999999204e+01 -7.785455429791338133e+01
8.351999999999999602e+01 -7.787367081777476585e+01
8.400000000000000000e+01 -7.795329969356126298e+01
8.447999999999998977e+01 -7.791010083335648062e+01
8.495999999999999375e+01 -7.798932757398627302e+01
8.543999999999999773e+01 -7.787263629357796901e+01
8.592000000000000171e+01 -7.786892174558215629e+01
8.639999999999999147e+01 -7.825410513775702270e+01
8.687999999999999545e+01 -7.846989535649549907e+01
8.735999999999999943e+01 -7.843367119148638267e+01
8.784000000000000341e+01 -7.835142530433699903e+01
8.831999999999999318e+01 -7.814516559261507211e+01
8.879999999999999716e+01 -7.819113203182344307e+01
8.928000000000000114e+01 -7.846357544775314352e+01
8.975999999999999091e+01 -7.842368608257959295e+01
9.023999999999999488e+01 -7.819230289969834757e+01
9.071999999999999886e+01 -7.800187638387713207e+01
9.120000000000000284e+01 -7.788696099714371712e+01
9.167999999999999261e+01 -7.800966076179969377e+01
9.215999999999999659e+01 -7.851045983290133279e+01
9.264000000000000057e+01 -7.848138702271444345e+01
9.311999999999999034e+01 -7.808834589751347721e+01
9.359999999999999432e+01 -7.817547014812791417e+01
9.407999999999999829e+01 -7.831982362672584941e+01
9.456000000000000227e+01 -7.823284432493569795e+01
9.503999999999999204e+01 -7.872749801465572261e+01
9.551999999999999602e+01 -7.893657255889010571e+01
9.600000000000000000e+01 -7.879772940959269079e+01
9.647999999999998977e+01 -7.896224557381809461e+01
9.695999999999999375e+01 -7.885602445611085898e+01
9.743999999999999773e+01 -7.870042905375103715e+01
9.792000000000000171e+01 -7.893605953901952432e+01
9.839999999999999147e+01 -7.927817939355861654e+01
9.887999999999999545e+01 -7.916489761486394627e+01
9.935999999999999943e+01 -7.891436379959222336e+01
9.984000000000000341e+01 -7.881232460781443194e+01
1.003199999999999932e+02 -7.889021782263563409e+01
1.007999999999999972e+02 -7.902354745021079907e+01
1.012800000000000011e+02 -7.902972759129271196e+01
1.017599999999999909e+02 -7.940969464669187516e+01
1.022399999999999949e+02 -7.964119510821912229e+01
1.027199999999999989e+02 -7.978051719732684433e+01
1.032000000000000028e+02 -7.989114650506229509e+01
1.036799999999999926e+02 -8.037548296810703619e+01
1.041599999999999966e+02 -8.121509999158311643e+01
1.046400000000000006e+02 -8.148207462366606535e+01
1.051199999999999903e+02 -8.169903654844988239e+01
1.055999999999999943e+02 -8.199970249706721859e+01
1.060799999999999983e+02 -8.244620659685132580e+01
1.065600000000000023e+02 -8.336909378695052908e+01
1.070399999999999920e+02 -8.433747903943495317e+01
1.075199999999999960e+02 -8.518877824449015179e+01
1.080000000000000000e+02 -8.635854714186690728e+01
1.084799999999999898e+02 -8.744656080256616804e+01
1.089599999999999937e+02 -8.817580648287025724e+01
1.094399999999999977e+02 -8.920486906614000588e+01
1.099200000000000017e+02 -9.032640587403116683e+01
1.103999999999999915e+02 -9.122777041613568372e+01
1.108799999999999955e+02 -9.271524142330719087e+01
1.113599999999999994e+02 -9.345321334118889922e+01
1.118399999999999892e+02 -9.390747938174045828e+01
1.123199999999999932e+02 -9.482711466206764328e+01
1.127999999999999972e+02 -9.525976229818465413e+01
1.132800000000000011e+02 -9.510165539200399110e+01
1.137599999999999909e+02 -9.532484114947251896e+01
1.142399999999999949e+02 -9.567001783405285664e+01
1.147199999999999989e+02 -9.561216283119958348e+01
1.151999999999999886e+02 -9.589443425534670951e+01
1.156799999999999926e+02 -9.612378988452871909e+01
1.161599999999999966e+02 -9.588283199725994166e+01
1.166400000000000006e+02 -9.606852051602479037e+01
1.171199999999999903e+02 -9.570192770360792167e+01
1.175999999999999943e+02 -9.576784540357729725e+01
1.180799999999999983e+02 -9.600146064745149488e+01
1.185600000000000023e+02 -9.606870685067478632e+01
1.190399999999999920e+02 -9.572042937436711441e+01
1.195199999999999960e+02 -9.605611746893598024e+01
1.200000000000000000e+02 -9.616133057222485547e+01
1.204799999999999898e+02 -9.594968786067086342e+01
1.209599999999999937e+02 -9.620813475482668764e+01
1.214399999999999977e+02 -9.609043002671620570e+01
1.219200000000000017e+02 -9.624805180402407245e+01
1.223999999999999915e+02 -9.557638401824030439e+01
