0.000000000000000000e+00 1.132312206959292938e-06
1.000000000000000000e+00 2.746563950809801594e-06
2.000000000000000000e+00 -4.615674249202042549e-07
3.000000000000000000e+00 -6.866499998051762629e-06
4.000000000000000000e+00 -4.251100640820415402e-08
5.000000000000000000e+00 5.110141266796664958e-05
6.000000000000000000e+00 -1.669453619765931510e-07
7.000000000000000000e+00 0.000000000000000000e+00
8.000000000000000000e+00 1.801881179660753542e-07
9.000000000000000000e+00 -2.056377053662593215e-06
1.000000000000000000e+01 -9.002852588803943729e-07
1.100000000000000000e+01 -7.573355091176816462e-06
1.200000000000000000e+01 1.243886231722697606e-06
1.300000000000000000e+01 -9.980906408972329419e-07
1.400000000000000000e+01 -2.336190875561337001e-06
1.500000000000000000e+01 0.000000000000000000e+00
1.600000000000000000e+01 -2.149730777567294473e-06
1.700000000000000000e+01 -4.694394062563101572e-05
1.800000000000000000e+01 2.238472328752939690e-06
1.900000000000000000e+01 1.807926749707857925e-05
2.000000000000000000e+01 2.072013435162729802e-06
2.100000000000000000e+01 0.000000000000000000e+00
2.200000000000000000e+01 -1.587982882203347658e-06
2.300000000000000000e+01 -7.942856941899642358e-06
2.400000000000000000e+01 -2.524118170361897108e-06
2.500000000000000000e+01 0.000000000000000000e+00
2.600000000000000000e+01 1.557373503409097673e-06
2.700000000000000000e+01 6.024018962895493282e-05
2.800000000000000000e+01 -2.642704899028444428e-06
2.900000000000000000e+01 0.000000000000000000e+00
3.000000000000000000e+01 -1.357016731943335628e-06
3.100000000000000000e+01 0.000000000000000000e+00
3.200000000000000000e+01 2.118926160243755518e-06
3.300000000000000000e+01 0.000000000000000000e+00
3.400000000000000000e+01 1.584673631506897978e-06
3.500000000000000000e+01 0.000000000000000000e+00
3.600000000000000000e+01 -1.816259100270043372e-06
3.700000000000000000e+01 0.000000000000000000e+00
3.800000000000000000e+01 -1.877630945627319323e-06
3.900000000000000000e+01 0.000000000000000000e+00
4.000000000000000000e+01 9.029897037291103927e-07
4.100000000000000000e+01 0.000000000000000000e+00
4.200000000000000000e+01 2.577384179804333573e-06
4.300000000000000000e+01 0.000000000000000000e+00
4.400000000000000000e+01 -8.264367651583795954e-07
4.500000000000000000e+01 0.000000000000000000e+00
4.600000000000000000e+01 2.415744117093552946e-06
4.700000000000000000e+01 0.000000000000000000e+00
4.800000000000000000e+01 8.390940063155432826e-07
4.900000000000000000e+01 0.000000000000000000e+00
5.000000000000000000e+01 -1.724750951147104680e-06
5.100000000000000000e+01 0.000000000000000000e+00
5.200000000000000000e+01 -1.254312495177509847e-06
5.300000000000000000e+01 0.000000000000000000e+00
5.400000000000000000e+01 1.319669561659609179e-06
5.500000000000000000e+01 0.000000000000000000e+00
5.600000000000000000e+01 1.558346181250386848e-06
5.700000000000000000e+01 0.000000000000000000e+00
5.800000000000000000e+01 -5.800594435055881547e-07
5.900000000000000000e+01 0.000000000000000000e+00
6.000000000000000000e+01 2.792887126666797538e-06
6.100000000000000000e+01 0.000000000000000000e+00
6.200000000000000000e+01 8.734647539995409355e-07
6.300000000000000000e+01 0.000000000000000000e+00
6.400000000000000000e+01 -2.256475517725988482e-06
6.500000000000000000e+01 0.000000000000000000e+00
6.600000000000000000e+01 -8.416842651971591110e-07
6.700000000000000000e+01 0.000000000000000000e+00
6.800000000000000000e+01 1.469667614536338858e-06
6.900000000000000000e+01 0.000000000000000000e+00
7.000000000000000000e+01 1.469667614536338858e-06
7.100000000000000000e+01 0.000000000000000000e+00
7.200000000000000000e+01 -8.416842651971591110e-07
7.300000000000000000e+01 0.000000000000000000e+00
7.400000000000000000e+01 -2.256475517725988482e-06
7.500000000000000000e+01 0.000000000000000000e+00
7.600000000000000000e+01 8.734647539995409355e-07
7.700000000000000000e+01 0.000000000000000000e+00
7.800000000000000000e+01 2.792887126666797538e-06
7.900000000000000000e+01 0.000000000000000000e+00
8.000000000000000000e+01 -5.800594435055881547e-07
8.100000000000000000e+01 0.000000000000000000e+00
8.200000000000000000e+01 1.558346181250386848e-06
8.300000000000000000e+01 0.000000000000000000e+00
8.400000000000000000e+01 1.319669561659609179e-06
8.500000000000000000e+01 0.000000000000000000e+00
8.600000000000000000e+01 -1.254312495177509847e-06
8.700000000000000000e+01 0.000000000000000000e+00
8.800000000000000000e+01 -1.724750951147104680e-06
8.900000000000000000e+01 0.000000000000000000e+00
9.000000000000000000e+01 8.390940063155432826e-07
9.100000000000000000e+01 0.000000000000000000e+00
9.200000000000000000e+01 2.415744117093552946e-06
9.300000000000000000e+01 0.000000000000000000e+00
9.400000000000000000e+01 -8.264367651583795954e-07
9.500000000000000000e+01 0.000000000000000000e+00
9.600000000000000000e+01 2.577384179804333573e-06
9.700000000000000000e+01 0.000000000000000000e+00
9.800000000000000000e+01 9.029897037291103927e-07
9.900000000000000000e+01 0.000000000000000000e+00
1.000000000000000000e+02 -1.877630945627319323e-06
1.010000000000000000e+02 0.000000000000000000e+00
1.020000000000000000e+02 -1.816259100270043372e-06
1.030000000000000000e+02 0.000000000000000000e+00
1.040000000000000000e+02 1.584673631506897978e-06
1.050000000000000000e+02 0.000000000000000000e+00
1.060000000000000000e+02 2.118926160243755518e-06
1.070000000000000000e+02 0.000000000000000000e+00
1.080000000000000000e+02 -1.357016731943335628e-06
1.090000000000000000e+02 0.000000000000000000e+00
1.100000000000000000e+02 -2.642704899028444428e-06
1.110000000000000000e+02 6.024018962895493282e-05
1.120000000000000000e+02 1.557373503409097673e-06
1.130000000000000000e+02 0.000000000000000000e+00
1.140000000000000000e+02 -2.524118170361897108e-06
1.150000000000000000e+02 -7.942856941899642358e-06
1.160000000000000000e+02 -1.587982882203347658e-06
1.170000000000000000e+02 0.000000000000000000e+00
1.180000000000000000e+02 2.072013435162729802e-06
1.190000000000000000e+02 1.807926749707857925e-05
1.200000000000000000e+02 2.238472328752939690e-06
1.210000000000000000e+02 -4.694394062563101572e-05
1.220000000000000000e+02 -2.149730777567294473e-06
1.230000000000000000e+02 0.000000000000000000e+00
1.240000000000000000e+02 -2.336190875561337001e-06
1.250000000000000000e+02 -9.980906408972329419e-07
1.260000000000000000e+02 1.243886231722697606e-06
1.270000000000000000e+02 -7.573355091176816462e-06
1.280000000000000000e+02 -9.002852588803943729e-07
1.290000000000000000e+02 -2.056377053662593215e-06
1.300000000000000000e+02 1.801881179660753542e-07
1.310000000000000000e+02 0.000000000000000000e+00
1.320000000000000000e+02 -1.669453619765931510e-07
1.330000000000000000e+02 5.110141266796664958e-05
1.340000000000000000e+02 -4.251100640820415402e-08
1.350000000000000000e+02 -6.866499998051762629e-06
1.360000000000000000e+02 -4.615674249202042549e-07
1.370000000000000000e+02 2.746563950809801594e-06
1.380000000000000000e+02 1.132312206959292938e-06
