0.000000000000000000e+00 -1.721911929347330890e-06
1.000000000000000000e+00 3.762277646473508367e-04
2.000000000000000000e+00 4.024873976348481039e-06
3.000000000000000000e+00 9.579717529028197948e-04
4.000000000000000000e+00 -4.837375524420644388e-06
5.000000000000000000e+00 -2.871624102910016151e-03
6.000000000000000000e+00 4.319496039292092143e-06
7.000000000000000000e+00 2.922725515577982800e-03
8.000000000000000000e+00 -2.674036018340548474e-06
9.000000000000000000e+00 8.927879530814936929e-05
1.000000000000000000e+01 1.953938877426229455e-06
1.100000000000000000e+01 -2.745737449386033424e-03
1.200000000000000000e+01 -1.610337904583926222e-06
1.300000000000000000e+01 9.638401622599743245e-04
1.400000000000000000e+01 5.180332607452868276e-07
1.500000000000000000e+01 3.098214068675330789e-03
1.600000000000000000e+01 7.044933587393293553e-07
1.700000000000000000e+01 -2.785108034920487623e-03
1.800000000000000000e+01 -6.157518075536839260e-07
1.900000000000000000e+01 -2.633874940224163307e-03
2.000000000000000000e+01 -7.822107011438938143e-07
2.100000000000000000e+01 4.909941266444738800e-03
2.200000000000000000e+01 1.266241254103276171e-06
2.300000000000000000e+01 9.568953959589719151e-04
2.400000000000000000e+01 3.301059659447265081e-07
2.500000000000000000e+01 -6.749876815490133894e-03
2.600000000000000000e+01 -1.296850632897526155e-06
2.700000000000000000e+01 2.078582943894798519e-03
2.800000000000000000e+01 2.115192372781793998e-07
2.900000000000000000e+01 7.541583952717129287e-03
3.000000000000000000e+01 1.497207404363288200e-06
3.100000000000000000e+01 -6.258503063569603904e-03
3.200000000000000000e+01 -7.352979760628684164e-07
3.300000000000000000e+01 -6.488449433835913674e-03
3.400000000000000000e+01 -1.269550504799725851e-06
3.500000000000000000e+01 1.095265637717942643e-02
3.600000000000000000e+01 1.037965036036580457e-06
3.700000000000000000e+01 2.930441518792209054e-03
3.800000000000000000e+01 9.765931906793045051e-07
3.900000000000000000e+01 -1.512052069979605458e-02
4.000000000000000000e+01 -1.951234432577513436e-06
4.100000000000000000e+01 3.470624175065999736e-03
4.200000000000000000e+01 -2.768399565022903080e-07
4.300000000000000000e+01 1.738717479086834133e-02
4.400000000000000000e+01 2.027787371148244233e-06
4.500000000000000000e+01 -1.259878206527889448e-02
4.600000000000000000e+01 -4.384800192130707233e-07
4.700000000000000000e+01 -1.614674203412674869e-02
4.800000000000000000e+01 -2.015130129991080546e-06
4.900000000000000000e+01 2.382330222465211741e-02
5.000000000000000000e+01 1.129473185159519149e-06
5.100000000000000000e+01 9.590466322832431542e-03
5.200000000000000000e+01 1.599911641129113981e-06
5.300000000000000000e+01 -3.603513395223521126e-02
5.400000000000000000e+01 -1.534554574647014649e-06
5.500000000000000000e+01 4.594115994899133741e-03
5.600000000000000000e+01 -1.295877955056236980e-06
5.700000000000000000e+01 4.780559368915725249e-02
5.800000000000000000e+01 2.274164692801035674e-06
5.900000000000000000e+01 -3.087482409282788984e-02
6.000000000000000000e+01 -6.133700963982635595e-08
6.100000000000000000e+01 -5.761753133956271783e-02
6.200000000000000000e+01 -1.980759382307082893e-06
6.300000000000000000e+01 8.486253464707974037e-02
6.400000000000000000e+01 5.977486185806352407e-07
6.500000000000000000e+01 6.412846900465306310e-02
6.600000000000000000e+01 2.012539871109464717e-06
6.700000000000000000e+01 -3.109579782591763153e-01
6.800000000000000000e+01 -1.384556521770284970e-06
6.900000000000000000e+01 4.335982671117491472e-01
7.000000000000000000e+01 -1.384556521770284970e-06
7.100000000000000000e+01 -3.109579782591763153e-01
7.200000000000000000e+01 2.012539871109464717e-06
7.300000000000000000e+01 6.412846900465306310e-02
7.400000000000000000e+01 5.977486185806352407e-07
7.500000000000000000e+01 8.486253464707974037e-02
7.600000000000000000e+01 -1.980759382307082893e-06
7.700000000000000000e+01 -5.761753133956271783e-02
7.800000000000000000e+01 -6.133700963982635595e-08
7.900000000000000000e+01 -3.087482409282788984e-02
8.000000000000000000e+01 2.274164692801035674e-06
8.100000000000000000e+01 4.780559368915725249e-02
8.200000000000000000e+01 -1.295877955056236980e-06
8.300000000000000000e+01 4.594115994899133741e-03
8.400000000000000000e+01 -1.534554574647014649e-06
8.500000000000000000e+01 -3.603513395223521126e-02
8.600000000000000000e+01 1.599911641129113981e-06
8.700000000000000000e+01 9.590466322832431542e-03
8.800000000000000000e+01 1.129473185159519149e-06
8.900000000000000000e+01 2.382330222465211741e-02
9.000000000000000000e+01 -2.015130129991080546e-06
9.100000000000000000e+01 -1.614674203412674869e-02
9.200000000000000000e+01 -4.384800192130707233e-07
9.300000000000000000e+01 -1.259878206527889448e-02
9.400000000000000000e+01 2.027787371148244233e-06
9.500000000000000000e+01 1.738717479086834133e-02
9.600000000000000000e+01 -2.768399565022903080e-07
9.700000000000000000e+01 3.470624175065999736e-03
9.800000000000000000e+01 -1.951234432577513436e-06
9.900000000000000000e+01 -1.512052069979605458e-02
1.000000000000000000e+02 9.765931906793045051e-07
1.010000000000000000e+02 2.930441518792209054e-03
1.020000000000000000e+02 1.037965036036580457e-06
1.030000000000000000e+02 1.095265637717942643e-02
1.040000000000000000e+02 -1.269550504799725851e-06
1.050000000000000000e+02 -6.488449433835913674e-03
1.060000000000000000e+02 -7.352979760628684164e-07
1.070000000000000000e+02 -6.258503063569603904e-03
1.080000000000000000e+02 1.497207404363288200e-06
1.090000000000000000e+02 7.541583952717129287e-03
1.100000000000000000e+02 2.115192372781793998e-07
1.110000000000000000e+02 2.078582943894798519e-03
1.120000000000000000e+02 -1.296850632897526155e-06
1.130000000000000000e+02 -6.749876815490133894e-03
1.140000000000000000e+02 3.301059659447265081e-07
1.150000000000000000e+02 9.568953959589719151e-04
1.160000000000000000e+02 1.266241254103276171e-06
1.170000000000000000e+02 4.909941266444738800e-03
1.180000000000000000e+02 -7.822107011438938143e-07
1.190000000000000000e+02 -2.633874940224163307e-03
1.200000000000000000e+02 -6.157518075536839260e-07
1.210000000000000000e+02 -2.785108034920487623e-03
1.220000000000000000e+02 7.044933587393293553e-07
1.230000000000000000e+02 3.098214068675330789e-03
1.240000000000000000e+02 5.180332607452868276e-07
1.250000000000000000e+02 9.638401622599743245e-04
1.260000000000000000e+02 -1.610337904583926222e-06
1.270000000000000000e+02 -2.745737449386033424e-03
1.280000000000000000e+02 1.953938877426229455e-06
1.290000000000000000e+02 8.927879530814936929e-05
1.300000000000000000e+02 -2.674036018340548474e-06
1.310000000000000000e+02 2.922725515577982800e-03
1.320000000000000000e+02 4.319496039292092143e-06
1.330000000000000000e+02 -2.871624102910016151e-03
1.340000000000000000e+02 -4.837375524420644388e-06
1.350000000000000000e+02 9.579717529028197948e-04
1.360000000000000000e+02 4.024873976348481039e-06
1.370000000000000000e+02 3.762277646473508367e-04
1.380000000000000000e+02 -1.721911929347330890e-06
