0.000000000000000000e+00 -2.854224136306623828e-06
1.000000000000000000e+00 3.734812006965410351e-04
2.000000000000000000e+00 4.486441401268685294e-06
3.000000000000000000e+00 9.648382529008715574e-04
4.000000000000000000e+00 -4.794864518012440234e-06
5.000000000000000000e+00 -2.922725515577982800e-03
6.000000000000000000e+00 4.486441401268685294e-06
7.000000000000000000e+00 2.922725515577982800e-03
8.000000000000000000e+00 -2.854224136306623828e-06
9.000000000000000000e+00 9.133517236181196250e-05
1.000000000000000000e+01 2.854224136306623828e-06
1.100000000000000000e+01 -2.738164094294856608e-03
1.200000000000000000e+01 -2.854224136306623828e-06
1.300000000000000000e+01 9.648382529008715574e-04
1.400000000000000000e+01 2.854224136306623828e-06
1.500000000000000000e+01 3.098214068675330789e-03
1.600000000000000000e+01 2.854224136306623828e-06
1.700000000000000000e+01 -2.738164094294856608e-03
1.800000000000000000e+01 -2.854224136306623828e-06
1.900000000000000000e+01 -2.651954207721241887e-03
2.000000000000000000e+01 -2.854224136306623828e-06
2.100000000000000000e+01 4.909941266444738800e-03
2.200000000000000000e+01 2.854224136306623828e-06
2.300000000000000000e+01 9.648382529008715574e-04
2.400000000000000000e+01 2.854224136306623828e-06
2.500000000000000000e+01 -6.749876815490133894e-03
2.600000000000000000e+01 -2.854224136306623828e-06
2.700000000000000000e+01 2.018342754265843586e-03
2.800000000000000000e+01 2.854224136306623828e-06
2.900000000000000000e+01 7.541583952717129287e-03
3.000000000000000000e+01 2.854224136306623828e-06
3.100000000000000000e+01 -6.258503063569603904e-03
3.200000000000000000e+01 -2.854224136306623828e-06
3.300000000000000000e+01 -6.488449433835913674e-03
3.400000000000000000e+01 -2.854224136306623828e-06
3.500000000000000000e+01 1.095265637717942643e-02
3.600000000000000000e+01 2.854224136306623828e-06
3.700000000000000000e+01 2.930441518792209054e-03
3.800000000000000000e+01 2.854224136306623828e-06
3.900000000000000000e+01 -1.512052069979605458e-02
4.000000000000000000e+01 -2.854224136306623828e-06
4.100000000000000000e+01 3.470624175065999736e-03
4.200000000000000000e+01 -2.854224136306623828e-06
4.300000000000000000e+01 1.738717479086834133e-02
4.400000000000000000e+01 2.854224136306623828e-06
4.500000000000000000e+01 -1.259878206527889448e-02
4.600000000000000000e+01 -2.854224136306623828e-06
4.700000000000000000e+01 -1.614674203412674869e-02
4.800000000000000000e+01 -2.854224136306623828e-06
4.900000000000000000e+01 2.382330222465211741e-02
5.000000000000000000e+01 2.854224136306623828e-06
5.100000000000000000e+01 9.590466322832431542e-03
5.200000000000000000e+01 2.854224136306623828e-06
5.300000000000000000e+01 -3.603513395223521126e-02
5.400000000000000000e+01 -2.854224136306623828e-06
5.500000000000000000e+01 4.594115994899133741e-03
5.600000000000000000e+01 -2.854224136306623828e-06
5.700000000000000000e+01 4.780559368915725249e-02
5.800000000000000000e+01 2.854224136306623828e-06
5.900000000000000000e+01 -3.087482409282788984e-02
6.000000000000000000e+01 -2.854224136306623828e-06
6.100000000000000000e+01 -5.761753133956271783e-02
6.200000000000000000e+01 -2.854224136306623828e-06
6.300000000000000000e+01 8.486253464707974037e-02
6.400000000000000000e+01 2.854224136306623828e-06
6.500000000000000000e+01 6.412846900465306310e-02
6.600000000000000000e+01 2.854224136306623828e-06
6.700000000000000000e+01 -3.109579782591763153e-01
6.800000000000000000e+01 -2.854224136306623828e-06
6.900000000000000000e+01 4.335982671117491472e-01
7.000000000000000000e+01 -2.854224136306623828e-06
7.100000000000000000e+01 -3.109579782591763153e-01
7.200000000000000000e+01 2.854224136306623828e-06
7.300000000000000000e+01 6.412846900465306310e-02
7.400000000000000000e+01 2.854224136306623828e-06
7.500000000000000000e+01 8.486253464707974037e-02
7.600000000000000000e+01 -2.854224136306623828e-06
7.700000000000000000e+01 -5.761753133956271783e-02
7.800000000000000000e+01 -2.854224136306623828e-06
7.900000000000000000e+01 -3.087482409282788984e-02
8.000000000000000000e+01 2.854224136306623828e-06
8.100000000000000000e+01 4.780559368915725249e-02
8.200000000000000000e+01 -2.854224136306623828e-06
8.300000000000000000e+01 4.594115994899133741e-03
8.400000000000000000e+01 -2.854224136306623828e-06
8.500000000000000000e+01 -3.603513395223521126e-02
8.600000000000000000e+01 2.854224136306623828e-06
8.700000000000000000e+01 9.590466322832431542e-03
8.800000000000000000e+01 2.854224136306623828e-06
8.900000000000000000e+01 2.382330222465211741e-02
9.000000000000000000e+01 -2.854224136306623828e-06
9.100000000000000000e+01 -1.614674203412674869e-02
9.200000000000000000e+01 -2.854224136306623828e-06
9.300000000000000000e+01 -1.259878206527889448e-02
9.400000000000000000e+01 2.854224136306623828e-06
9.500000000000000000e+01 1.738717479086834133e-02
9.600000000000000000e+01 -2.854224136306623828e-06
9.700000000000000000e+01 3.470624175065999736e-03
9.800000000000000000e+01 -2.854224136306623828e-06
9.900000000000000000e+01 -1.512052069979605458e-02
1.000000000000000000e+02 2.854224136306623828e-06
1.010000000000000000e+02 2.930441518792209054e-03
1.020000000000000000e+02 2.854224136306623828e-06
1.030000000000000000e+02 1.095265637717942643e-02
1.040000000000000000e+02 -2.854224136306623828e-06
1.050000000000000000e+02 -6.488449433835913674e-03
1.060000000000000000e+02 -2.854224136306623828e-06
1.070000000000000000e+02 -6.258503063569603904e-03
1.080000000000000000e+02 2.854224136306623828e-06
1.090000000000000000e+02 7.541583952717129287e-03
1.100000000000000000e+02 2.854224136306623828e-06
1.110000000000000000e+02 2.018342754265843586e-03
1.120000000000000000e+02 -2.854224136306623828e-06
1.130000000000000000e+02 -6.749876815490133894e-03
1.140000000000000000e+02 2.854224136306623828e-06
1.150000000000000000e+02 9.648382529008715574e-04
1.160000000000000000e+02 2.854224136306623828e-06
1.170000000000000000e+02 4.909941266444738800e-03
1.180000000000000000e+02 -2.854224136306623828e-06
1.190000000000000000e+02 -2.651954207721241887e-03
1.200000000000000000e+02 -2.854224136306623828e-06
1.210000000000000000e+02 -2.738164094294856608e-03
1.220000000000000000e+02 2.854224136306623828e-06
1.230000000000000000e+02 3.098214068675330789e-03
1.240000000000000000e+02 2.854224136306623828e-06
1.250000000000000000e+02 9.648382529008715574e-04
1.260000000000000000e+02 -2.854224136306623828e-06
1.270000000000000000e+02 -2.738164094294856608e-03
1.280000000000000000e+02 2.854224136306623828e-06
1.290000000000000000e+02 9.133517236181196250e-05
1.300000000000000000e+02 -2.854224136306623828e-06
1.310000000000000000e+02 2.922725515577982800e-03
1.320000000000000000e+02 4.486441401268685294e-06
1.330000000000000000e+02 -2.922725515577982800e-03
1.340000000000000000e+02 -4.794864518012440234e-06
1.350000000000000000e+02 9.648382529008715574e-04
1.360000000000000000e+02 4.486441401268685294e-06
1.370000000000000000e+02 3.734812006965410351e-04
1.380000000000000000e+02 -2.854224136306623828e-06
